[1, 2, 28, 27, 49, 40, 41, 18, 17, 22, 21, 59, 48, 3, 4, 23, 38, 39, 67, 68, 61, 62, 6, 5, 35, 29, 30, 58, 11, 12, 19, 20, 44, 33, 34, 64, 66, 50, 47, 37, 36, 25, 26, 15, 16, 56, 42, 43, 60, 65, 45, 46, 53, 63, 24, 14, 13, 7, 8, 54, 55, 57, 31, 32, 52, 9, 10, 51]
[1]
[1]
[1]
[1]
[1]
[1]
[1]
[1]
[1]
[1]
[1]
[1]
[1]
[1]
[1]
[1]
[1]
[1]
[1]
[1]
[1]
[1]
[1]
[1]
[1]
[1]
[1]
[1]
[1]
[1]
[1]
[1]
[1]
[1]
[1]
[1]
[1]
[1]
[1]
[1]
[1]
[1]
[1]
[1]
[1]
[1]
[1]
[1]
[1]
[1]
[1]
[1]
[1]
[1]
[1]
[1]
[1]
[1]
[1]
[1]
[1]
[1]
[1]
[1]
[1]
[1]
[1]
[1]
