1 2
3 4
5 6
7 8
9 10
11 12
13 4
14 15
16 5
17 18
19 20
21 22
23 24
25 26
27 28
29 30
3 31
32 22
33 34
35 36
37 38
39 40
41 42
43 44
45 46
47 48
49 50
51 52
53 54
55 56
56 57
35 58
59 60
61 16
43 62
63 64
39 65
66 61
67 68
69 70
71 72
73 74
75 76
77 78
79 80
26 81
82 83
84 85
86 87
42 88
31 78
10 89
90 91
47 92
93 94
53 95
68 96
97 96
98 99
100 24
101 102
11 76
103 104
64 105
92 45
102 28
21 106
107 90
108 109
17 91
110 111
37 82
112 113
114 40
115 116
117 118
119 62
120 79
121 122
123 124
8 83
125 99
126 127
128 27
93 129
130 73
131 132
9 84
133 75
13 134
135 55
101 116
136 118
63 30
137 138
128 139
140 124
141 138
112 142
117 44
33 143
88 85
135 139
144 145
77 146
147 52
148 149
125 150
151 152
123 104
51 74
153 154
155 152
7 141
148 18
150 134
23 60
131 129
14 97
156 143
157 29
98 108
157 158
67 145
159 160
161 155
66 87
159 162
71 163
136 36
164 6
38 34
126 72
81 57
165 114
48 110
166 137
167 168
54 161
144 20
147 130
169 164
170 167
151 158
127 105
41 58
103 106
171 172
173 149
80 12
89 70
174 100
168 94
160 95
119 169
174 1
25 107
133 65
156 69
165 162
163 173
171 109
115 175
122 2
170 113
59 176
153 19
120 121
146 50
166 176
32 140
142 46
86 111
154 15
49 132
175 172
177 178
179 180
181 182
183 184
185 186
187 188
189 190
191 192
193 194
195 196
197 198
199 200
201 202
203 204
205 206
207 208
209 210
211 212
213 214
215 216
217 218
219 209
220 221
198 222
223 190
224 225
226 227
228 200
229 230
231 232
233 234
235 236
237 238
199 239
240 241
242 243
244 245
246 247
248 249
250 192
251 252
253 254
255 256
257 258
259 260
261 262
263 264
265 266
267 268
257 269
270 271
272 273
274 275
276 277
278 279
280 281
282 283
284 285
270 286
222 287
288 289
290 182
247 291
292 206
251 258
217 293
294 295
296 181
297 298
299 285
300 238
301 243
302 303
304 301
261 305
259 306
202 307
308 309
310 311
312 269
313 314
250 315
316 317
318 218
319 320
321 197
322 306
246 323
309 324
325 326
327 328
329 330
275 196
230 273
254 331
244 332
333 330
334 335
336 337
208 338
339 340
341 342
343 178
344 345
339 346
347 291
348 316
349 226
350 351
179 352
353 354
355 268
356 214
357 358
293 359
310 360
361 362
363 364
319 351
189 365
366 367
368 313
308 296
346 369
353 322
370 194
315 249
371 372
232 373
374 375
334 314
248 210
376 377
365 378
379 352
380 381
382 234
383 384
201 385
380 378
253 386
387 340
224 388
389 298
390 373
223 278
391 372
392 264
393 392
383 358
394 395
183 396
397 307
398 255
231 399
394 225
389 400
320 368
369 401
402 403
354 282
404 386
324 405
233 406
280 221
288 193
329 407
297 287
323 292
376 397
302 272
401 262
408 326
300 283
312 364
267 409
410 381
348 411
187 412
413 414
279 415
370 416
417 418
332 184
355 266
419 290
420 421
407 311
341 422
423 328
321 361
396 424
425 359
379 426
375 423
427 237
235 317
428 416
429 430
410 431
333 367
417 305
413 432
336 289
195 260
276 356
422 256
433 426
434 435
239 436
437 203
284 271
207 286
438 227
191 435
185 252
265 439
403 362
428 281
430 440
371 400
441 418
186 299
442 335
443 240
424 444
294 242
349 445
177 439
393 412
446 440
444 228
395 295
277 443
442 350
447 448
344 421
449 220
437 384
331 450
438 434
429 188
357 406
451 388
390 450
345 445
219 411
377 212
452 399
327 387
446 441
337 204
391 325
398 425
229 215
447 360
453 274
338 451
433 436
415 449
363 420
453 402
448 216
427 431
454 409
382 455
405 456
342 432
404 318
180 303
304 455
236 347
245 263
343 241
374 457
454 414
366 385
213 457
211 456
408 452
419 205
458 459
460 461
462 463
464 465
466 467
468 469
470 471
472 473
474 475
476 477
478 479
480 481
482 483
484 485
486 487
488 489
490 491
492 493
494 495
480 496
497 498
460 499
500 501
502 503
504 505
506 507
508 509
510 511
512 513
514 515
516 517
518 519
520 521
522 507
523 524
525 496
526 527
528 529
530 531
532 533
534 535
536 537
538 539
464 540
541 542
543 544
545 546
462 547
543 548
549 550
551 552
540 553
554 555
467 556
557 550
558 559
560 561
562 563
564 565
566 567
539 568
569 570
551 553
571 572
573 574
488 574
516 575
576 577
578 579
580 581
582 583
484 584
585 586
561 587
588 589
585 566
510 590
591 592
593 555
594 595
596 597
566 598
599 600
601 602
603 587
532 604
605 606
607 546
608 609
470 610
611 612
613 614
615 616
617 618
619 620
602 621
622 472
623 624
625 606
513 468
626 498
524 584
627 628
629 519
630 631
632 509
608 633
634 538
635 613
636 637
638 508
511 639
640 641
642 643
644 572
544 645
646 647
648 649
650 651
652 653
654 655
656 657
458 533
658 592
659 660
482 661
662 491
663 529
664 665
629 666
667 668
669 670
581 671
672 673
536 560
525 674
675 633
577 676
654 677
678 535
679 614
559 609
680 681
656 682
504 683
632 684
685 459
686 527
615 634
593 687
492 688
689 690
649 675
631 691
486 521
692 693
694 695
651 662
696 695
471 697
698 699
700 503
678 701
579 655
702 687
703 704
526 601
705 658
635 506
528 497
706 707
588 708
709 599
672 710
617 570
711 607
694 670
712 692
466 713
714 537
619 487
549 653
715 716
717 718
719 479
720 721
676 722
723 721
724 600
576 669
701 660
589 703
557 725
517 726
727 728
622 680
650 729
730 731
732 726
733 716
734 620
735 594
580 666
719 469
736 648
514 698
737 541
686 706
728 738
707 739
644 740
724 568
712 566
643 741
742 604
500 743
569 744
493 473
700 674
591 522
610 713
646 745
534 746
556 747
664 748
735 747
590 711
749 681
636 490
740 475
616 477
750 751
714 739
749 752
753 754
715 573
755 756
646 757
667 758
690 759
596 563
636 474
756 760
742 761
762 571
485 639
630 763
755 764
637 729
567 598
677 621
765 542
704 758
499 582
762 512
627 766
682 586
743 623
767 495
545 754
552 531
565 688
684 737
691 612
732 640
708 741
489 705
611 720
636 768
733 699
625 605
583 768
760 730
769 761
645 595
770 771
673 702
668 751
769 465
757 481
723 734
753 476
745 575
558 748
679 725
772 628
661 744
763 478
750 564
765 626
530 642
618 771
494 685
773 717
647 759
652 709
578 772
746 683
483 731
562 502
773 548
638 697
554 774
767 693
603 775
774 547
727 718
646 689
766 641
461 775
770 671
776 463
657 777
518 722
736 597
624 501
738 665
764 696
776 515
523 505
520 777
663 659
752 710
778 779
780 781
782 783
784 785
786 787
788 789
790 791
792 793
794 795
796 797
798 799
800 801
802 789
803 804
805 806
807 808
809 810
811 812
813 814
815 779
816 817
818 819
820 821
794 822
787 823
824 789
825 819
780 826
792 782
827 828
818 825
829 830
803 831
832 814
833 834
835 836
837 838
839 840
820 841
842 801
843 844
845 846
847 848
849 850
847 851
843 850
852 830
835 853
854 849
855 856
857 825
812 858
791 852
859 795
860 823
826 861
862 863
864 834
865 866
813 867
868 869
827 870
871 872
831 872
821 822
873 874
832 875
876 877
878 808
844 866
879 880
881 840
815 882
883 884
858 881
846 885
838 886
887 885
817 810
839 888
889 890
891 814
879 892
882 892
893 825
809 894
811 828
870 895
896 865
860 783
853 859
897 890
880 806
898 842
814 861
824 884
889 788
855 778
837 893
899 785
900 878
901 871
800 829
862 891
902 857
875 833
897 841
903 873
904 905
877 895
789 905
906 863
900 796
784 856
904 802
869 867
901 886
805 907
868 906
907 864
903 874
790 792
784 899
784 883
887 798
894 836
902 816
793 888
876 781
896 804
851 848
845 898
854 799
786 797
807 792
908 909
910 911
912 913
914 915
916 912
917 918
919 920
921 922
923 924
925 926
927 928
929 930
931 932
933 934
935 936
937 938
939 940
941 925
942 943
944 945
929 946
947 948
949 950
951 952
953 928
954 955
956 957
958 953
911 959
960 961
950 946
962 963
960 964
965 957
966 927
967 968
939 968
969 909
970 971
970 972
949 973
974 947
975 976
977 978
979 922
980 981
982 983
984 985
921 986
987 988
989 990
956 962
963 991
924 992
975 993
994 930
995 996
910 961
997 981
944 998
941 965
999 997
1000 1001
917 983
1002 938
967 1003
974 913
977 954
1004 996
993 1005
1005 932
1006 1007
1008 1009
942 966
984 1006
934 920
916 952
918 978
988 998
999 979
1008 987
995 972
971 994
1004 945
1010 923
915 951
1011 964
955 926
986 948
1002 992
936 1012
1000 991
1009 980
958 940
1001 959
937 989
935 1010
973 990
933 976
931 1011
982 969
943 1012
914 985
919 1003
908 1007
1013 1014
1015 1016
1017 1018
1019 1020
1021 1022
1023 1024
1025 1026
1027 1028
1029 1030
1031 1032
1033 1034
1035 1036
1037 1038
1039 1040
1041 1042
1043 1016
1044 1045
1026 1046
1047 1028
1048 1049
1050 1051
1052 1014
1053 1054
1055 1056
1057 1058
1059 1046
1060 1061
1062 1033
1063 1064
1065 1066
1067 1068
1069 1070
1071 1072
1073 1074
1075 1076
1077 1049
1052 1058
1078 1020
1079 1080
1081 1082
1029 1018
1083 1084
1085 1086
1087 1088
1089 1086
1090 1045
1091 1092
1093 1094
1095 1096
1039 1097
1098 1099
1100 1030
1101 1085
1034 1102
1103 1104
1048 1105
1067 1106
1107 1108
1109 1110
1090 1061
1066 1111
1112 1038
1113 1114
1115 1116
1117 1118
1059 1119
1120 1102
1121 1122
1024 1123
1124 1094
1125 1126
1110 1127
1060 1122
1128 1129
1068 1130
1131 1127
1132 1076
1133 1031
1044 1134
1135 1136
1137 1077
1019 1138
1112 1139
1103 1111
1140 1050
1041 1141
1093 1141
1142 1125
1143 1073
1144 1145
1146 1147
1140 1053
1148 1079
1129 1121
1149 1150
1055 1091
1089 1099
1151 1152
1101 1153
1135 1114
1062 1153
1084 1139
1015 1087
1021 1013
1154 1155
1124 1056
1083 1156
1115 1074
1078 1157
1081 1105
1158 1070
1131 1159
1151 1104
1037 1160
1054 1123
1047 1155
1161 1130
1025 1162
1163 1109
1065 1144
1082 1023
1137 1152
1138 1126
1164 1165
1166 1036
1143 1167
1113 1095
1168 1146
1072 1096
1035 1108
1128 1120
1069 1149
1022 1063
1158 1064
1169 1157
1118 1170
1136 1051
1164 1107
1071 1171
1100 1147
1075 1150
1168 1116
1148 1057
1169 1165
1163 1032
1027 1167
1159 1154
1017 1117
1133 1040
1161 1162
1156 1088
1160 1170
1098 1080
1106 1097
1043 1132
1171 1142
1166 1092
1145 1134
1119 1042
1172 1173
1174 1175
1176 1177
1178 1172
1179 1180
1181 1182
1183 1184
1185 1186
1179 1187
1188 1189
1190 1191
1192 1193
1194 1195
1196 1197
1198 1199
1196 1200
1201 1202
1183 1203
1204 1205
1206 1207
1208 1209
1209 1210
1211 1212
1174 1213
1214 1212
1180 1215
1186 1216
1175 1217
1218 1215
1219 1220
1221 1222
1207 1223
1224 1225
1226 1182
1227 1228
1229 1191
1187 1230
1231 1232
1178 1227
1204 1230
1224 1177
1233 1202
1234 1235
1236 1205
1185 1206
1225 1176
1236 1222
1237 1238
1239 1184
1203 1240
1241 1216
1242 1243
1199 1176
1214 1229
1235 1244
1213 1245
1226 1219
1246 1245
1198 1247
1246 1176
1248 1249
1250 1189
1242 1200
1243 1217
1238 1190
1197 1193
1201 1249
1247 1195
1208 1240
1239 1251
1188 1210
1248 1211
1220 1192
1223 1244
1221 1181
1237 1241
1231 1173
1218 1234
1252 1228
1251 1232
1252 1233
1194 1250
1253 1254
1255 1256
1257 1258
1259 1260
1261 1262
1263 1264
1265 1266
1267 1268
1269 1270
1271 1272
1273 1274
1275 1276
1277 1278
1279 1280
1281 1282
1283 1284
1285 1286
1287 1288
1289 1290
1255 1291
1292 1293
1294 1295
1296 1297
1298 1299
1300 1301
1302 1303
1273 1304
1305 1306
1307 1267
1308 1309
1310 1311
1312 1313
1314 1315
1316 1317
1318 1319
1320 1321
1322 1323
1324 1325
1326 1327
1328 1329
1330 1331
1332 1333
1334 1335
1311 1336
1334 1300
1337 1338
1339 1340
1341 1313
1285 1342
1343 1344
1345 1346
1347 1338
1348 1349
1350 1253
1278 1351
1352 1353
1354 1355
1356 1357
1358 1359
1360 1361
1362 1363
1364 1288
1365 1366
1367 1368
1369 1258
1370 1371
1372 1373
1374 1375
1376 1377
1378 1359
1379 1380
1381 1382
1383 1384
1385 1386
1387 1388
1389 1390
1391 1392
1393 1394
1395 1396
1397 1398
1399 1400
1401 1392
1402 1403
1404 1405
1406 1407
1408 1404
1409 1407
1391 1349
1410 1411
1412 1272
1413 1414
1415 1292
1321 1416
1417 1418
1419 1420
1410 1421
1422 1397
1423 1424
1425 1339
1426 1427
1428 1429
1430 1421
1431 1432
1433 1357
1434 1435
1428 1436
1343 1437
1412 1438
1439 1440
1441 1442
1443 1353
1351 1444
1372 1282
1445 1446
1447 1448
1439 1449
1450 1344
1387 1451
1452 1453
1454 1455
1456 1336
1457 1458
1370 1459
1460 1461
1462 1463
1355 1464
1322 1465
1466 1368
1467 1455
1406 1468
1469 1470
1409 1471
1472 1473
1269 1448
1474 1472
1475 1476
1477 1478
1479 1480
1481 1470
1467 1482
1483 1380
1287 1291
1375 1484
1485 1486
1259 1487
1384 1488
1489 1304
1490 1491
1303 1492
1493 1494
1318 1427
1495 1453
1295 1496
1459 1497
1301 1464
1315 1325
1498 1345
1499 1492
1256 1500
1501 1348
1502 1503
1504 1505
1506 1386
1507 1508
1509 1506
1510 1511
1314 1496
1319 1475
1512 1297
1513 1514
1515 1516
1290 1517
1518 1519
1520 1521
1522 1493
1523 1524
1525 1526
1527 1494
1432 1528
1376 1529
1530 1354
1531 1527
1365 1532
1533 1534
1316 1535
1308 1515
1425 1477
1279 1438
1415 1502
1536 1537
1538 1539
1540 1541
1389 1542
1543 1544
1545 1382
1546 1547
1399 1516
1395 1548
1549 1550
1451 1551
1533 1552
1261 1553
1495 1538
1328 1554
1310 1555
1377 1556
1557 1558
1378 1559
1560 1546
1561 1466
1562 1563
1504 1360
1352 1337
1564 1437
1450 1565
1426 1430
1566 1567
1568 1569
1479 1570
1571 1446
1402 1523
1572 1573
1356 1491
1266 1574
1277 1346
1307 1312
1575 1576
1327 1545
1577 1416
1578 1434
1497 1296
1564 1350
1579 1483
1580 1508
1581 1362
1429 1582
1583 1547
1584 1572
1585 1411
1586 1257
1305 1528
1449 1555
1283 1329
1433 1553
1562 1587
1364 1424
1588 1589
1557 1435
1590 1591
1510 1592
1507 1276
1371 1342
1593 1594
1551 1505
1595 1270
1289 1596
1514 1440
1423 1590
1597 1268
1598 1568
1599 1403
1594 1548
1408 1441
1490 1281
1573 1600
1447 1601
1581 1463
1602 1603
1570 1263
1275 1461
1604 1500
1605 1606
1607 1260
1530 1592
1608 1486
1485 1599
1609 1335
1330 1521
1306 1603
1436 1487
1392 1610
1524 1611
1469 1612
1462 1580
1613 1614
1615 1601
1341 1614
1616 1617
1591 1468
1618 1563
1579 1619
1465 1347
1569 1535
1578 1358
1620 1542
1532 1503
1274 1286
1575 1539
1452 1393
1618 1418
1621 1363
1457 1526
1617 1501
1615 1396
1529 1366
1280 1622
1333 1585
1431 1481
1474 1489
1623 1606
1369 1482
1560 1613
1419 1624
1484 1625
1323 1309
1509 1626
1602 1480
1626 1512
1520 1317
1294 1488
1417 1400
1473 1616
1583 1622
1454 1320
1627 1531
1549 1556
1445 1332
1456 1398
1544 1293
1383 1587
1324 1607
1262 1498
1628 1609
1604 1476
1550 1405
1629 1543
1422 1630
1588 1623
1367 1625
1326 1619
1558 1630
1595 1559
1589 1612
1566 1299
1584 1631
1621 1361
1381 1577
1442 1632
1518 1525
1374 1620
1298 1593
1628 1394
1565 1611
1624 1517
1373 1444
1302 1264
1608 1340
1513 1597
1385 1390
1629 1571
1478 1632
1265 1574
1605 1552
1499 1610
1443 1271
1471 1254
1598 1401
1519 1511
1284 1554
1420 1536
1388 1633
1631 1586
1633 1458
1596 1537
1413 1541
1522 1567
1392 1534
1460 1600
1561 1331
1540 1414
1379 1582
1627 1576
1634 1635
1636 1637
1638 1639
1640 1641
1642 1643
1644 1645
1646 1647
1648 1649
1650 1651
1652 1653
1654 1655
1656 1657
1658 1659
1660 1661
1662 1663
1664 1665
1666 1667
1668 1669
1670 1671
1638 1672
1673 1674
1675 1676
1677 1678
1679 1680
1673 1681
1682 1683
1684 1685
1686 1687
1665 1688
1689 1690
1691 1692
1693 1694
1695 1692
1696 1659
1656 1697
1698 1699
1675 1700
1701 1646
1702 1703
1704 1702
1705 1706
1662 1707
1708 1689
1709 1710
1708 1666
1711 1712
1713 1714
1715 1716
1717 1718
1719 1720
1679 1721
1722 1716
1723 1724
1725 1726
1693 1727
1728 1678
1729 1730
1731 1674
1732 1733
1734 1735
1736 1737
1736 1738
1699 1739
1740 1654
1658 1741
1640 1709
1742 1743
1744 1745
1691 1746
1719 1747
1748 1706
1749 1661
1676 1743
1750 1718
1642 1751
1655 1745
1752 1712
1753 1672
1754 1641
1715 1755
1756 1717
1757 1694
1711 1731
1758 1759
1741 1760
1761 1687
1762 1723
1686 1763
1700 1764
1765 1766
1761 1685
1740 1767
1768 1767
1769 1682
1750 1735
1643 1770
1771 1772
1753 1722
1710 1721
1734 1645
1773 1774
1669 1775
1684 1671
1670 1776
1755 1777
1778 1663
1775 1730
1732 1751
1779 1726
1780 1737
1758 1760
1664 1703
1781 1764
1782 1783
1652 1783
1784 1778
1650 1785
1786 1739
1748 1667
1757 1637
1769 1787
1765 1788
1738 1651
1729 1772
1704 1789
1780 1749
1790 1756
1688 1791
1781 1733
1762 1657
1788 1771
1777 1660
1792 1653
1793 1742
1787 1782
1696 1794
1713 1649
1648 1746
1768 1790
1773 1695
1634 1785
1795 1796
1744 1683
1766 1701
1752 1797
1759 1697
1798 1639
1796 1797
1763 1770
1636 1793
1799 1794
1698 1727
1668 1681
1792 1677
1800 1784
1789 1776
1647 1747
1705 1720
1795 1635
1754 1644
1801 1724
1725 1779
1707 1690
1800 1714
1801 1774
1799 1791
1786 1728
1798 1680
1802 1803
1804 1805
1806 1807
1808 1809
1810 1811
1812 1813
1814 1815
1816 1817
1818 1819
1820 1821
1822 1823
1824 1825
1815 1826
1827 1828
1829 1821
1830 1803
1831 1832
1833 1834
1835 1836
1837 1838
1839 1840
1841 1842
1843 1829
1844 1845
1846 1847
1848 1846
1849 1850
1851 1852
1853 1854
1855 1856
1857 1858
1859 1860
1861 1858
1862 1863
1864 1865
1866 1867
1844 1868
1869 1870
1871 1872
1873 1874
1875 1876
1824 1877
1878 1874
1879 1870
1855 1880
1875 1881
1882 1883
1884 1820
1885 1886
1887 1888
1889 1890
1891 1892
1893 1894
1864 1895
1814 1896
1881 1897
1898 1899
1900 1901
1902 1857
1903 1904
1905 1888
1906 1907
1908 1890
1853 1907
1818 1909
1910 1911
1851 1912
1804 1913
1862 1914
1915 1916
1917 1918
1919 1920
1921 1922
1923 1924
1925 1926
1927 1850
1827 1914
1908 1928
1929 1917
1930 1931
1900 1932
1933 1883
1934 1935
1936 1937
1938 1825
1939 1940
1941 1942
1889 1901
1943 1944
1929 1945
1946 1947
1948 1949
1915 1950
1923 1935
1816 1951
1952 1880
1811 1940
1856 1944
1953 1807
1861 1954
1955 1927
1934 1841
1933 1956
1913 1945
1957 1905
1958 1959
1960 1897
1961 1951
1957 1872
1962 1963
1924 1842
1936 1819
1964 1930
1869 1965
1966 1967
1848 1942
1968 1894
1969 1838
1826 1843
1970 1971
1802 1972
1896 1972
1973 1840
1974 1884
1925 1845
1903 1956
1921 1973
1975 1911
1949 1976
1891 1847
1932 1977
1948 1978
1830 1939
1968 1979
1960 1899
1937 1909
1950 1822
1980 1947
1964 1867
1831 1962
1975 1981
1931 1892
1980 1953
1833 1982
1918 1983
1834 1984
1963 1985
1805 1813
1866 1986
1969 1976
1877 1928
1977 1823
1987 1988
1989 1832
1961 1817
1990 1886
1946 1865
1955 1876
1919 1988
1991 1989
1809 1920
1981 1904
1992 1938
1893 1873
1828 1993
1974 1994
1995 1906
1990 1902
1978 1812
1926 1952
1810 1985
1887 1910
1808 1852
1996 1895
1965 1997
1898 1868
1878 1991
1879 1987
1998 1839
1966 1998
1922 1885
1999 1860
1958 1982
1863 1806
1859 1986
1943 1967
1970 2000
1993 1849
1994 1912
1916 1854
1999 1971
1871 2000
1941 1983
1979 1882
1837 1836
1835 1996
1954 1959
1992 1997
1995 1984
2001 2002
2003 2004
2005 2006
2007 2008
2009 2010
2011 2012
2013 2014
2015 2016
2017 2018
2019 2020
2015 2005
2021 2022
2023 2024
2025 2026
2027 2022
2028 2002
2029 2030
2031 2006
2032 2033
2034 2035
2036 2037
2027 2038
2039 2040
2041 2020
2042 2043
2032 2044
2004 2008
2045 2046
2047 2048
2049 2050
2029 2051
2052 2053
2054 2055
2035 2048
2056 2033
2057 2058
2047 2055
2059 2060
2061 2062
2063 2064
2010 2065
2066 2058
2067 2068
2069 2057
2070 2046
2071 2043
2072 2053
2071 2073
2052 2074
2059 2044
2075 2030
2076 2012
2077 2024
2078 2072
2031 2079
2080 2081
2075 2064
2068 2062
2051 2082
2083 2066
2077 2084
2019 2082
2042 2085
2086 2079
2081 2087
2025 2088
2049 2017
2089 2090
2037 2041
2091 2045
2092 2038
2090 2084
2013 2093
2050 2091
2001 2056
2065 2076
2063 2070
2034 2016
2011 2021
2078 2074
2026 2083
2089 2088
2023 2085
2036 2040
2039 2073
2014 2069
2061 2018
2086 2028
2067 2080
2007 2003
2009 2093
2092 2060
2054 2087
2094 2095
2096 2097
2098 2099
2100 2101
2102 2103
2104 2105
2106 2107
2108 2109
2110 2111
2112 2113
2114 2115
2116 2117
2118 2119
2120 2121
2122 2123
2124 2125
2126 2127
2128 2101
2129 2130
2131 2132
2133 2134
2125 2135
2118 2136
2137 2138
2139 2140
2141 2142
2143 2098
2136 2144
2145 2146
2147 2148
2149 2150
2129 2151
2152 2105
2153 2113
2154 2155
2155 2095
2156 2094
2133 2157
2158 2159
2160 2161
2162 2163
2164 2106
2165 2120
2166 2167
2168 2169
2170 2171
2172 2115
2173 2138
2147 2174
2104 2175
2176 2177
2167 2178
2164 2145
2107 2179
2121 2180
2181 2182
2168 2183
2184 2185
2186 2187
2188 2134
2189 2190
2191 2134
2192 2193
2191 2194
2195 2146
2196 2169
2154 2187
2197 2198
2124 2199
2153 2141
2193 2200
2201 2189
2202 2117
2128 2203
2204 2205
2144 2199
2179 2161
2108 2110
2159 2203
2097 2109
2139 2206
2207 2185
2122 2208
2209 2210
2184 2137
2135 2173
2211 2111
2140 2123
2212 2213
2116 2151
2149 2190
2214 2215
2216 2198
2210 2182
2172 2208
2181 2178
2217 2131
2100 2218
2214 2142
2143 2175
2148 2157
2219 2205
2204 2220
2221 2217
2186 2177
2209 2215
2197 2222
2103 2223
2224 2188
2163 2114
2216 2130
2194 2183
2096 2127
2176 2180
2213 2099
2221 2170
2160 2171
2162 2211
2207 2220
2119 2202
2195 2224
2212 2219
2156 2152
2225 2223
2126 2165
2112 2222
2158 2201
2218 2196
2174 2166
2102 2134
2206 2200
2132 2150
2225 2192
2226 2227
2228 2229
2230 2231
2232 2233
2234 2235
2236 2237
2238 2239
2240 2241
2242 2243
2244 2245
2246 2247
2248 2249
2250 2251
2252 2253
2254 2255
2256 2227
2257 2258
2259 2260
2261 2262
2263 2264
2265 2266
2267 2268
2269 2270
2271 2255
2272 2273
2274 2275
2230 2276
2277 2278
2279 2280
2281 2282
2283 2284
2285 2286
2287 2288
2289 2290
2291 2292
2293 2294
2295 2296
2297 2298
2299 2300
2301 2302
2303 2304
2305 2306
2307 2308
2309 2310
2311 2312
2313 2314
2315 2316
2317 2318
2319 2320
2303 2321
2322 2323
2279 2324
2325 2326
2327 2328
2299 2329
2330 2331
2332 2308
2333 2334
2335 2336
2337 2338
2339 2340
2341 2342
2343 2340
2344 2345
2259 2346
2347 2348
2349 2350
2351 2352
2353 2354
2355 2356
2357 2358
2359 2360
2361 2362
2363 2364
2365 2366
2367 2368
2369 2370
2371 2233
2372 2306
2373 2374
2375 2376
2359 2377
2228 2378
2379 2380
2381 2382
2383 2384
2385 2323
2386 2387
2388 2257
2389 2390
2391 2392
2393 2394
2395 2254
2396 2397
2398 2399
2400 2401
2402 2403
2404 2396
2405 2403
2406 2269
2407 2310
2408 2409
2410 2411
2412 2227
2413 2414
2393 2415
2416 2263
2417 2418
2419 2420
2273 2421
2422 2423
2424 2330
2425 2426
2235 2427
2428 2429
2419 2430
2431 2432
2433 2434
2435 2436
2312 2437
2438 2439
2242 2304
2440 2441
2442 2443
2444 2445
2446 2447
2448 2449
2450 2451
2452 2430
2453 2454
2371 2455
2456 2457
2458 2459
2427 2460
2461 2462
2463 2394
2454 2464
2465 2466
2230 2467
2468 2469
2455 2470
2447 2471
2472 2473
2474 2475
2476 2426
2477 2478
2379 2479
2480 2409
2481 2482
2483 2484
2358 2412
2485 2486
2487 2488
2489 2241
2424 2490
2491 2492
2276 2231
2295 2493
2494 2495
2496 2460
2476 2497
2372 2498
2397 2499
2500 2501
2502 2503
2504 2505
2506 2507
2355 2508
2509 2510
2511 2512
2513 2514
2515 2516
2517 2449
2518 2519
2520 2521
2522 2523
2485 2524
2414 2488
2525 2526
2527 2528
2244 2529
2530 2531
2532 2533
2534 2535
2536 2537
2538 2539
2540 2339
2541 2271
2542 2400
2288 2543
2544 2536
2545 2546
2547 2548
2549 2550
2428 2551
2552 2553
2554 2555
2556 2275
2557 2558
2537 2559
2544 2560
2561 2562
2563 2564
2366 2565
2566 2567
2568 2569
2570 2270
2571 2572
2573 2574
2374 2558
2557 2575
2358 2576
2552 2577
2278 2578
2579 2432
2580 2316
2286 2528
2433 2581
2582 2583
2584 2585
2513 2586
2484 2587
2588 2589
2391 2575
2429 2496
2311 2470
2547 2545
2590 2591
2290 2592
2325 2546
2226 2593
2463 2594
2595 2596
2597 2598
2599 2600
2601 2602
2603 2445
2604 2605
2606 2583
2607 2608
2581 2573
2534 2609
2548 2550
2610 2611
2444 2612
2613 2614
2297 2524
2577 2615
2616 2336
2617 2448
2618 2619
2620 2595
2265 2469
2621 2514
2622 2498
2623 2624
2625 2626
2606 2570
2571 2284
2321 2627
2628 2301
2386 2423
2629 2630
2631 2632
2350 2332
2370 2442
2633 2375
2446 2634
2635 2636
2637 2638
2317 2639
2601 2640
2267 2641
2642 2643
2635 2644
2645 2646
2402 2530
2647 2363
2648 2649
2650 2310
2651 2241
2450 2495
2652 2520
2251 2523
2653 2382
2589 2493
2468 2654
2655 2328
2656 2533
2657 2658
2659 2660
2661 2662
2663 2664
2665 2655
2666 2667
2668 2669
2628 2670
2671 2578
2326 2672
2673 2674
2675 2285
2389 2676
2677 2335
2568 2504
2398 2678
2679 2680
2681 2682
2365 2683
2684 2685
2686 2609
2687 2471
2416 2688
2689 2560
2390 2437
2287 2665
2553 2690
2556 2236
2691 2662
2692 2554
2693 2658
2694 2582
2695 2540
2696 2298
2697 2698
2406 2597
2699 2675
2421 2700
2701 2702
2621 2703
2407 2704
2291 2705
2357 2574
2706 2640
2707 2436
2399 2708
2709 2567
2692 2473
2710 2711
2345 2712
2481 2503
2713 2714
2694 2709
2715 2587
2678 2535
2716 2717
2718 2243
2666 2703
2719 2714
2516 2685
2680 2720
2721 2415
2722 2723
2724 2725
2672 2726
2368 2711
2727 2348
2728 2729
2730 2338
2731 2720
2681 2612
2637 2732
2478 2360
2566 2733
2734 2689
2353 2659
2735 2699
2256 2736
2737 2611
2737 2738
2739 2700
2718 2740
2358 2670
2741 2742
2743 2744
2701 2745
2653 2746
2313 2747
2724 2580
2730 2748
2443 2749
2690 2626
2441 2749
2236 2750
2440 2475
2751 2752
2753 2439
2708 2264
2318 2712
2754 2755
2756 2418
2757 2620
2413 2758
2759 2556
2734 2494
2697 2253
2760 2759
2761 2634
2590 2762
2616 2664
2763 2746
2707 2764
2722 2633
2738 2230
2300 2249
2763 2765
2766 2278
2466 2654
2767 2768
2769 2309
2491 2770
2771 2647
2487 2289
2761 2760
2743 2772
2646 2266
2731 2569
2773 2770
2698 2314
2774 2260
2268 2564
2551 2775
2656 2776
2777 2745
2452 2744
2337 2527
2649 2598
2778 2648
2779 2780
2576 2302
2781 2632
2782 2783
2739 2784
2549 2296
2785 2369
2293 2786
2787 2529
2788 2780
2588 2726
2723 2456
2704 2789
2247 2766
2790 2585
2791 2392
2792 2643
2497 2246
2793 2434
2594 2474
2735 2625
2502 2794
2795 2278
2754 2796
2673 2788
2280 2237
2757 2797
2791 2373
2798 2258
2351 2240
2652 2630
2641 2245
2239 2411
2799 2252
2800 2801
2786 2294
2802 2803
2653 2765
2425 2804
2771 2467
2805 2377
2431 2629
2602 2422
2764 2717
2610 2479
2584 2806
2381 2559
2807 2349
2808 2809
2810 2811
2812 2813
2352 2486
2650 2614
2619 2517
2729 2750
2618 2756
2779 2334
2342 2489
2751 2814
2815 2329
2250 2816
2695 2817
2818 2522
2261 2663
2232 2674
2790 2819
2404 2669
2820 2281
2810 2343
2599 2802
2458 2500
2506 2586
2821 2777
2811 2462
2801 2822
2644 2465
2234 2693
2395 2814
2823 2457
2638 2512
2824 2806
2753 2624
2607 2755
2716 2519
2410 2793
2812 2660
2794 2320
2461 2543
2795 2277
2651 2562
2238 2825
2818 2364
2769 2236
2740 2767
2604 2732
2691 2387
2706 2591
2797 2642
2798 2262
2792 2623
2565 2688
2826 2667
2501 2408
2773 2451
2344 2687
2705 2768
2511 2541
2362 2752
2322 2758
2787 2241
2608 2376
2799 2816
2807 2319
2600 2671
2435 2661
2776 2827
2367 2683
2686 2828
2405 2829
2668 2684
2420 2782
2347 2748
2679 2518
2354 2508
2459 2384
2774 2538
2613 2789
2622 2830
2453 2480
2482 2830
2741 2728
2828 2772
2388 2542
2483 2505
2721 2682
2282 2521
2525 2499
2515 2783
2492 2592
2292 2526
2785 2617
2831 2283
2778 2696
2438 2539
2272 2762
2346 2324
2636 2827
2417 2510
2561 2307
2822 2713
2729 2742
2719 2733
2631 2725
2832 2833
2657 2775
2832 2796
2563 2507
2531 2627
2826 2603
2831 2784
2248 2821
2805 2315
2653 2824
2809 2803
2532 2341
2808 2702
2829 2676
2823 2572
2593 2736
2645 2227
2464 2825
2639 2596
2305 2333
2615 2747
2727 2781
2800 2715
2804 2383
2833 2356
2834 2490
2472 2555
2361 2710
2834 2331
2729 2310
2820 2605
2385 2477
2327 2819
2229 2378
2274 2556
2817 2401
2815 2509
2579 2380
2677 2813
2835 2836
2837 2838
2839 2840
2841 2842
2843 2838
2844 2845
2846 2847
2848 2849
2850 2851
2852 2853
2854 2855
2852 2856
2857 2858
2859 2860
2861 2862
2863 2864
2865 2866
2867 2868
2869 2870
2871 2872
2873 2858
2865 2874
2875 2876
2877 2842
2878 2879
2868 2880
2871 2849
2881 2853
2860 2882
2883 2884
2848 2885
2861 2886
2887 2880
2888 2889
2890 2891
2892 2893
2894 2895
2896 2897
2883 2898
2899 2900
2901 2902
2903 2904
2869 2876
2905 2906
2886 2907
2877 2894
2908 2879
2909 2862
2892 2910
2911 2912
2841 2913
2859 2914
2837 2915
2835 2878
2901 2916
2867 2917
2839 2918
2870 2919
2857 2898
2920 2882
2921 2904
2921 2922
2888 2836
2923 2893
2924 2925
2926 2910
2920 2895
2885 2856
2926 2927
2928 2929
2863 2908
2854 2847
2915 2930
2896 2874
2900 2931
2855 2864
2909 2902
2875 2928
2929 2924
2932 2933
2934 2933
2887 2918
2889 2935
2936 2917
2937 2935
2938 2850
2911 2931
2937 2939
2890 2919
2866 2940
2899 2925
2903 2941
2851 2907
2938 2942
2914 2897
2844 2916
2881 2942
2941 2873
2922 2891
2930 2840
2936 2845
2843 2906
2913 2872
2884 2939
2912 2940
2905 2846
2932 2927
2934 2923
2943 2944
2945 2946
2947 2948
2949 2950
2951 2952
2953 2954
2955 2956
2949 2957
2958 2953
2959 2960
2961 2962
2956 2963
2964 2954
2965 2951
2966 2967
2968 2969
2970 2971
2972 2973
2974 2950
2952 2964
2970 2962
2958 2975
2966 2959
2969 2957
2976 2961
2977 2971
2974 2978
2977 2978
2943 2946
2979 2948
2975 2967
2965 2972
2945 2979
2944 2973
2976 2963
2955 2960
2968 2947
2980 2981
2982 2983
2984 2985
2986 2987
2988 2989
2990 2991
2992 2993
2994 2995
2996 2997
2998 2999
3000 3001
3002 3003
3004 3005
3006 3007
3008 3009
3010 3011
3012 3013
3014 3015
3016 3017
3018 3019
3010 3020
3021 3022
3023 3024
3025 3026
3027 3028
3029 3030
3000 3031
3032 3033
3034 3035
3036 3037
3038 3039
3040 3041
3042 3043
3044 2987
3045 3046
3047 3048
3049 3050
3047 3051
3052 3053
3054 3038
3055 3056
3057 3058
3059 3060
3061 3062
3063 3064
3065 3066
3067 3068
3008 3069
3070 3071
3072 3073
2989 3074
3025 3075
3076 3077
3078 3079
3080 3081
3082 3083
3084 3085
3086 3087
3048 3051
3088 3089
3090 3091
3054 3092
3093 3094
3095 3096
3097 3098
3099 3100
3101 3102
3022 3064
3032 3103
3104 3105
3042 3106
3107 3104
3108 3109
3110 3111
3112 3113
3114 3115
3116 3117
3118 3119
3076 3120
3014 3081
3121 3122
3123 3124
3125 3126
3127 3075
3107 3045
2983 3128
3129 2991
3130 3020
3131 3132
3133 2980
3134 3135
3136 3082
3137 3138
3139 3140
3141 3142
3115 3143
3144 3145
3043 3031
3146 3015
3147 3094
3148 3077
3149 3150
3151 3152
3153 3154
3134 3133
3155 3113
3156 3060
3157 3158
3159 3056
3099 3160
3161 3162
3163 3164
3165 2990
2986 3166
3135 3167
3168 3169
3170 3171
3172 3132
3173 3066
3006 2997
3174 3083
3175 3176
2982 3018
3177 3178
3179 3118
3180 3181
3182 3066
3156 3056
3183 3184
3152 2998
3185 3146
3148 3030
3186 3187
3069 3188
3189 3093
3055 3071
3086 3184
3190 3191
3192 3100
3193 3119
3056 3037
3194 3106
3179 3139
3029 3177
3098 3195
3073 3050
3039 3001
3196 3161
2988 3012
3061 3197
2996 3198
3058 3084
3199 3165
3196 3091
3200 3101
3201 3088
3147 3189
3070 3138
3149 3044
3202 3203
3117 2981
3121 3204
3205 3206
3078 3063
3144 3153
3207 3169
3036 3116
3096 3062
3049 3140
3194 3011
3166 3208
2993 3085
3175 3209
3095 3195
3103 3210
3130 3041
3211 3028
3065 3212
3213 3180
3004 3160
3035 3214
3215 3216
3173 3217
3218 3202
3209 3219
3102 3019
3158 3123
3220 3221
3125 3195
3222 3002
3223 3219
3046 3072
3066 3212
3005 3007
3201 3220
3224 3225
3033 3067
3105 3193
3157 3226
3227 3188
3228 3187
3170 3208
3109 3053
3040 3206
3127 3142
3185 3128
3222 3229
3111 3221
3021 2984
3057 3230
3231 3204
3059 3150
3232 3181
3172 3122
3200 3197
3176 3013
3052 3216
3079 3092
3141 3190
3143 3068
3087 3214
3218 3129
3211 3210
3163 3195
3145 3232
3230 3154
3131 3233
3234 3205
3192 3136
3223 2999
3228 3024
3182 3217
2994 3215
3114 3027
3034 3120
3213 3227
3207 3235
3168 3198
3159 3155
3174 3183
3231 3009
3110 3233
3124 3226
3023 3191
3089 2995
2985 3229
3186 3234
3112 3171
3199 3108
3016 3235
3097 3151
3203 3003
3236 3225
3158 3074
3178 3162
3236 3017
3080 3090
3224 3026
3126 3164
3137 3167
2992 3158
3237 3238
3239 3240
3241 3242
3243 3244
3245 3240
3246 3238
3247 3248
3249 3250
3251 3252
3253 3254
3250 3255
3256 3257
3258 3259
3260 3261
3262 3263
3264 3265
3241 3266
3267 3268
3243 3266
3269 3270
3258 3271
3272 3273
3274 3275
3276 3277
3278 3254
3279 3280
3260 3281
3259 3282
3283 3284
3285 3286
3244 3287
3288 3289
3290 3291
3292 3293
3294 3293
3295 3296
3297 3253
3288 3298
3299 3280
3300 3301
3302 3303
3304 3305
3306 3277
3307 3308
3278 3309
3310 3311
3312 3248
3296 3256
3313 3312
3314 3315
3316 3317
3310 3268
3279 3263
3318 3319
3313 3320
3275 3321
3307 3317
3305 3300
3272 3322
3323 3324
3295 3325
3255 3273
3304 3264
3326 3327
3328 3329
3330 3331
3262 3332
3285 3333
3334 3335
3336 3337
3338 3330
3283 3302
3339 3315
3340 3324
3340 3341
3292 3342
3239 3327
3336 3287
3343 3344
3328 3320
3345 3281
3249 3251
3335 3342
3346 3347
3348 3345
3334 3306
3246 3286
3349 3321
3308 3323
3325 3270
3348 3257
3350 3326
3282 3351
3352 3341
3237 3331
3291 3252
3314 3344
3294 3353
3245 3322
3299 3247
3346 3351
3311 3354
3339 3298
3355 3271
3356 3333
3352 3337
3357 3316
3358 3359
3350 3332
3358 3261
3360 3353
3360 3318
3274 3319
3354 3242
3265 3349
3359 3329
3303 3284
3338 3356
3290 3309
3347 3289
3357 3301
3276 3297
3267 3269
3355 3346
3343 3346
3361 3362
3363 3362
3364 3365
3366 3367
3368 3369
3370 3371
3370 3372
3373 3374
3375 3376
3377 3378
3364 3379
3375 3367
3373 3380
3376 3381
3371 3382
3383 3384
3385 3378
3386 3387
3388 3389
3374 3390
3361 3365
3391 3363
3385 3391
3392 3387
3389 3372
3366 3393
3368 3394
3395 3380
3396 3382
3386 3394
3379 3384
3377 3381
3393 3390
3396 3369
3383 3392
3395 3388
3397 3398
3399 3400
3401 3402
3403 3404
3405 3406
3407 3408
3409 3402
3410 3411
3412 3413
3414 3415
3416 3417
3418 3419
3420 3421
3422 3423
3424 3425
3426 3427
3428 3429
3430 3431
3432 3433
3434 3435
3436 3437
3438 3439
3440 3441
3442 3443
3444 3445
3446 3447
3426 3448
3449 3450
3451 3407
3438 3452
3453 3454
3455 3456
3457 3458
3459 3460
3414 3461
3462 3463
3464 3465
3460 3466
3467 3439
3468 3469
3470 3417
3471 3472
3473 3474
3447 3475
3476 3434
3477 3478
3479 3468
3480 3481
3482 3483
3484 3485
3486 3441
3487 3488
3463 3489
3490 3491
3492 3493
3494 3445
3476 3477
3399 3495
3496 3434
3418 3497
3498 3499
3464 3484
3500 3448
3501 3502
3503 3415
3504 3505
3506 3507
3508 3509
3510 3472
3511 3512
3428 3513
3475 3514
3515 3516
3517 3518
3450 3519
3520 3489
3409 3521
3444 3404
3522 3523
3524 3525
3517 3526
3527 3528
3529 3508
3530 3531
3532 3533
3408 3534
3494 3485
3535 3536
3537 3538
3539 3540
3451 3541
3527 3478
3430 3542
3543 3544
3529 3533
3545 3546
3547 3548
3549 3550
3521 3551
3433 3434
3446 3552
3400 3481
3553 3436
3490 3492
3405 3544
3504 3554
3555 3553
3556 3535
3557 3558
3559 3465
3467 3554
3424 3560
3518 3561
3562 3423
3563 3564
3565 3566
3549 3567
3459 3568
3471 3548
3569 3570
3571 3572
3573 3416
3574 3575
3487 3575
3559 3410
3413 3534
3576 3519
3455 3457
3577 3528
3452 3531
3505 3572
3569 3412
3578 3579
3495 3536
3580 3581
3403 3525
3563 3411
3582 3454
3583 3538
3565 3584
3585 3425
3561 3539
3586 3587
3588 3514
3589 3588
3590 3474
3591 3592
3502 3421
3570 3552
3420 3501
3440 3469
3547 3551
3541 3523
3497 3537
3506 3437
3593 3512
3594 3401
3458 3491
3422 3429
3595 3592
3574 3511
3576 3461
3556 3448
3449 3503
3596 3585
3482 3493
3509 3571
3397 3594
3432 3496
3442 3406
3542 3597
3456 3598
3470 3546
3589 3566
3419 3507
3558 3398
3510 3578
3599 3462
3600 3601
3602 3577
3500 3601
3431 3435
3550 3603
3604 3555
3584 3605
3568 3603
3516 3582
3453 3606
3498 3595
3479 3499
3604 3564
3583 3579
3599 3597
3607 3560
3513 3486
3515 3598
3590 3540
3522 3608
3524 3473
3586 3427
3530 3443
3557 3605
3543 3448
3609 3610
3562 3480
3596 3520
3526 3580
3606 3610
3602 3593
3573 3600
3567 3488
3532 3483
3587 3545
3609 3466
3607 3608
3591 3581
3611 3612
3613 3614
3615 3616
3617 3618
3619 3620
3621 3622
3623 3615
3624 3625
3626 3627
3628 3629
3630 3631
3632 3631
3633 3611
3634 3635
3636 3637
3638 3639
3640 3635
3641 3629
3642 3643
3644 3645
3646 3647
3648 3649
3650 3651
3642 3652
3632 3616
3653 3654
3634 3626
3655 3656
3657 3648
3658 3625
3613 3659
3660 3651
3641 3661
3662 3663
3664 3665
3666 3618
3666 3667
3623 3628
3668 3669
3670 3671
3668 3672
3673 3674
3636 3665
3675 3649
3676 3643
3660 3677
3678 3669
3670 3658
3657 3622
3679 3671
3639 3680
3681 3682
3645 3683
3619 3684
3685 3612
3633 3686
3662 3656
3673 3659
3681 3652
3687 3688
3624 3689
3685 3690
3691 3630
3654 3663
3655 3692
3693 3694
3682 3672
3617 3695
3687 3680
3689 3667
3650 3674
3696 3692
3697 3621
3676 3698
3646 3627
3664 3691
3661 3695
3653 3678
3644 3699
3634 3697
3688 3698
3679 3647
3699 3700
3693 3696
3684 3683
3690 3675
3634 3640
3638 3614
3620 3694
3686 3700
3677 3637
3701 3702
3703 3704
3705 3706
3707 3708
3709 3710
3711 3712
3713 3714
3715 3716
3717 3718
3719 3720
3721 3722
3723 3724
3725 3726
3727 3728
3729 3716
3730 3731
3732 3733
3709 3734
3735 3736
3737 3710
3738 3739
3740 3715
3741 3742
3743 3744
3745 3746
3747 3748
3726 3749
3750 3708
3751 3752
3753 3754
3755 3756
3757 3758
3753 3759
3760 3761
3762 3763
3730 3764
3765 3766
3767 3764
3768 3769
3770 3771
3772 3773
3774 3775
3776 3777
3778 3766
3779 3751
3780 3781
3756 3782
3783 3724
3763 3784
3703 3727
3785 3786
3787 3788
3789 3790
3791 3746
3792 3793
3794 3733
3795 3796
3748 3797
3798 3779
3755 3796
3799 3800
3801 3787
3802 3803
3729 3804
3774 3777
3805 3806
3765 3807
3808 3809
3810 3811
3812 3712
3801 3813
3814 3775
3800 3721
3815 3816
3817 3728
3757 3738
3776 3758
3772 3818
3819 3820
3821 3719
3817 3811
3822 3823
3824 3790
3825 3805
3826 3797
3827 3784
3828 3822
3829 3830
3831 3832
3833 3834
3835 3821
3836 3794
3723 3829
3714 3837
3838 3839
3792 3840
3759 3771
3795 3841
3835 3786
3761 3842
3843 3749
3844 3845
3828 3732
3815 3846
3725 3806
3847 3781
3848 3789
3824 3791
3837 3838
3833 3745
3735 3702
3825 3807
3711 3842
3740 3849
3830 3850
3741 3846
3747 3739
3707 3793
3851 3718
3713 3783
3826 3834
3851 3752
3778 3852
3844 3827
3767 3818
3750 3820
3785 3813
3823 3853
3802 3854
3701 3855
3853 3839
3848 3856
3762 3852
3743 3857
3734 3808
3810 3858
3819 3858
3770 3843
3859 3754
3856 3788
3798 3742
3847 3717
3841 3720
3857 3736
3769 3804
3836 3814
3803 3809
3840 3812
3768 3706
3760 3782
3799 3832
3722 3816
3831 3704
3705 3773
3855 3850
3860 3845
3854 3849
3744 3731
3860 3859
3737 3780
3861 3862
3863 3864
3865 3866
3867 3868
3869 3870
3871 3872
3873 3870
3874 3875
3876 3877
3878 3879
3876 3866
3877 3868
3875 3880
3881 3882
3883 3884
3885 3886
3887 3878
3888 3871
3861 3881
3873 3889
3890 3884
3869 3891
3892 3893
3894 3864
3885 3889
3888 3893
3883 3882
3891 3862
3874 3895
3879 3880
3863 3895
3892 3894
3886 3872
3887 3865
3867 3890
3896 3897
3898 3899
3900 3901
3902 3903
3904 3905
3906 3907
3908 3909
3910 3911
3912 3913
3914 3915
3916 3917
3918 3919
3920 3921
3922 3913
3923 3924
3925 3926
3927 3928
3929 3930
3931 3932
3933 3934
3935 3936
3937 3938
3939 3940
3941 3942
3943 3944
3945 3946
3911 3947
3948 3949
3950 3951
3899 3952
3953 3954
3955 3956
3957 3958
3959 3960
3961 3962
3963 3964
3965 3966
3967 3968
3969 3970
3971 3972
3973 3964
3974 3975
3920 3976
3977 3978
3979 3980
3981 3982
3903 3983
3984 3968
3985 3986
3987 3988
3910 3989
3990 3991
3992 3993
3941 3994
3995 3996
3997 3976
3998 3943
3999 4000
4001 4002
4003 4000
4004 3985
3969 4005
4006 4007
4008 3983
4009 4010
4011 4012
3922 4013
4014 3978
3905 4015
4016 4013
3918 4017
3995 3968
4015 4018
4019 3946
4020 3982
4021 4022
4023 4024
4025 4026
4027 4028
4029 4030
4031 4032
4033 4034
4035 4036
4037 3919
4038 4039
4040 4030
4041 4036
3931 3994
4042 3974
4043 3915
4044 4045
4046 3949
3984 4047
4048 4049
4050 4051
4052 4011
4030 4053
4054 4055
4056 4057
4058 3896
3950 4034
4059 4060
4061 3951
4062 4063
4064 3934
4006 3970
4065 4002
4025 4066
3963 3944
3997 4003
4067 4068
4069 4017
4029 3990
4070 4071
4072 4073
4058 3912
4008 3939
3971 4068
4074 3952
4075 4045
4076 4038
4077 4078
4051 4079
4080 4081
4082 4083
4084 4085
4086 4087
3957 4088
4054 4089
3965 4090
4073 4091
3929 3968
4092 3933
3930 4093
4094 4095
4096 3901
4097 4010
3938 4007
3925 3959
4098 4033
4040 4083
4099 4092
4100 4101
4041 4102
4094 4103
3954 4104
4105 3960
4106 3972
3914 4107
4062 3945
4086 4077
4108 3926
4109 4110
3909 4046
4071 3975
3937 4085
4024 4111
4109 4032
4048 3936
4039 4112
4072 4113
4096 4114
4098 4076
3990 4034
4108 4115
4061 3966
4116 4117
4100 4118
4119 4030
4120 3917
3977 4121
3914 4122
4082 4123
4124 4104
4084 4125
4001 4126
4065 4101
3942 3979
3921 3962
4105 4127
4060 3928
4075 3990
4016 4128
4129 4021
3914 4120
3898 4019
4028 4069
4130 4131
3927 4102
4050 3916
4132 4133
4056 4134
3956 4110
4135 4136
4079 4022
4133 4114
4055 4057
4014 4137
4064 4137
4035 4127
4138 4139
3948 4049
3981 4126
4074 4122
4031 3955
4027 4089
3932 3907
4140 4034
4004 4128
3953 4087
4129 4141
4052 4142
3935 4143
4012 4144
3902 4037
4124 4132
4142 4145
4018 4134
4138 4090
3987 4097
3988 3900
4080 4145
3996 3999
4146 4026
4043 4107
3992 3967
4147 4136
4088 4123
3908 4111
4103 4091
4059 4148
4042 4095
3923 3993
4149 3991
4146 4150
4009 4151
4152 4149
3924 4112
4152 4141
4119 4140
4135 4151
4063 4147
4066 4078
3904 4153
4154 3998
4155 4156
3989 3980
4099 4155
4118 4156
4157 4044
4130 3947
4070 3986
4154 4113
4106 4144
4121 4158
3906 3940
4093 4139
3958 4125
4150 4081
4157 4053
4020 4117
4116 3897
4005 4158
3973 4115
3961 4047
4023 4153
4067 4143
4148 4131
4159 4160
4159 4161
4162 4163
4164 4165
4166 4167
4168 4159
4169 4170
4171 4172
4173 4174
4175 4176
4177 4178
4179 4180
4181 4182
4183 4184
4185 4186
4187 4188
4189 4168
4190 4191
4192 4193
4194 4195
4196 4170
4197 4198
4199 4200
4201 4202
4203 4204
4205 4190
4206 4207
4208 4209
4210 4211
4212 4213
4214 4215
4216 4202
4217 4218
4219 4215
4201 4220
4221 4173
4159 4222
4223 4224
4225 4226
4227 4228
4229 4215
4230 4231
4193 4232
4233 4171
4199 4197
4234 4188
4235 4187
4236 4237
4238 4227
4194 4239
4240 4241
4242 4176
4205 4243
4244 4196
4245 4246
4247 4215
4228 4243
4220 4248
4230 4249
4250 4195
4247 4219
4251 4252
4172 4186
4192 4253
4244 4254
4169 4255
4225 4256
4184 4242
4257 4258
4259 4260
4261 4218
4207 4165
4262 4169
4263 4264
4212 4246
4265 4266
4267 4163
4175 4252
4225 4268
4269 4182
4229 4270
4250 4271
4213 4246
4272 4273
4248 4231
4274 4275
4257 4160
4266 4180
4245 4276
4277 4278
4279 4280
4217 4272
4235 4270
4174 4273
4279 4185
4281 4262
4267 4234
4282 4281
4283 4216
4222 4160
4282 4254
4275 4200
4283 4211
4225 4224
4232 4263
4280 4251
4277 4221
4274 4271
4236 4223
4284 4285
4189 4161
4208 4210
4286 4261
4286 4198
4206 4285
4287 4160
4183 4260
4278 4288
4258 4209
4284 4288
4240 4255
4256 4226
4164 4249
4181 4203
4179 4178
4162 4265
4259 4264
4287 4191
4276 4246
4289 4253
4268 4237
4214 4269
4289 4169
4238 4241
4233 4204
4166 4177
4239 4167
4290 4291
4292 4293
4294 4295
4296 4297
4298 4299
4300 4301
4302 4303
4300 4304
4305 4306
4307 4308
4309 4310
4311 4312
4313 4314
4315 4316
4317 4318
4319 4320
4321 4322
4323 4324
4325 4326
4327 4328
4329 4330
4331 4332
4322 4333
4301 4334
4335 4336
4337 4338
4339 4340
4341 4314
4342 4343
4344 4341
4345 4346
4342 4327
4347 4316
4348 4349
4350 4351
4352 4353
4354 4338
4355 4356
4311 4357
4358 4330
4359 4360
4325 4361
4362 4363
4323 4321
4364 4291
4365 4366
4367 4368
4369 4370
4319 4371
4372 4373
4374 4375
4376 4306
4377 4378
4297 4379
4380 4381
4382 4383
4356 4384
4385 4386
4387 4388
4389 4390
4383 4360
4391 4382
4392 4393
4309 4394
4370 4395
4292 4355
4396 4397
4398 4375
4367 4361
4357 4345
4399 4320
4400 4401
4352 4368
4303 4349
4293 4402
4315 4403
4386 4404
4405 4406
4296 4354
4391 4400
4299 4304
4403 4407
4374 4401
4353 4336
4379 4381
4408 4409
4348 4329
4317 4394
4410 4351
4410 4411
4359 4308
4390 4363
4343 4385
4412 4337
4413 4362
4396 4407
4380 4387
4298 4328
4335 4414
4414 4392
4402 4295
4415 4366
4294 4416
4412 4406
4417 4340
4398 4418
4344 4334
4376 4333
4409 4419
4307 4416
4313 4332
4302 4420
4372 4405
4324 4411
4369 4393
4417 4421
4422 4419
4408 4388
4358 4318
4413 4423
4422 4418
4350 4395
4339 4384
4389 4347
4377 4423
4326 4373
4346 4310
4365 4305
4421 4420
4331 4312
4290 4415
4364 4378
4399 4371
4397 4404
4424 4425
4426 4427
4428 4429
4430 4431
4432 4433
4434 4435
4436 4437
4437 4438
4439 4440
4441 4442
4443 4444
4445 4446
4432 4447
4448 4449
4450 4451
4452 4453
4454 4455
4456 4457
4458 4459
4460 4447
4461 4462
4463 4464
4465 4439
4466 4450
4467 4468
4436 4435
4469 4470
4469 4471
4472 4473
4470 4453
4474 4475
4476 4477
4478 4479
4480 4481
4482 4483
4484 4485
4486 4487
4476 4488
4489 4490
4491 4452
4492 4464
4493 4475
4494 4444
4495 4496
4497 4496
4451 4474
4498 4499
4500 4501
4493 4502
4466 4503
4489 4431
4456 4504
4485 4505
4506 4438
4424 4481
4426 4507
4492 4508
4506 4509
4510 4511
4465 4480
4500 4512
4495 4513
4428 4514
4454 4504
4515 4427
4491 4516
4463 4517
4516 4518
4479 4519
4449 4520
4471 4517
4509 4467
4521 4522
4446 4429
4523 4524
4525 4507
4430 4440
4434 4519
4526 4502
4494 4527
4483 4528
4484 4511
4448 4513
4529 4505
4530 4499
4530 4529
4472 4503
4487 4531
4532 4533
4455 4521
4486 4515
4477 4534
4443 4425
4535 4532
4533 4462
4525 4534
4527 4508
4536 4518
4514 4468
4482 4441
4522 4536
4445 4473
4458 4526
4460 4497
4531 4457
4459 4442
4498 4490
4524 4512
4501 4488
4537 4520
4510 4528
4523 4535
4433 4478
4537 4461
4538 4539
4540 4541
4542 4543
4544 4545
4546 4547
4548 4549
4550 4551
4552 4553
4554 4555
4556 4557
4551 4558
4559 4560
4561 4562
4563 4539
4547 4564
4565 4566
4567 4568
4569 4570
4571 4572
4573 4574
4575 4576
4577 4578
4579 4556
4580 4581
4563 4582
4548 4583
4577 4554
4584 4585
4586 4587
4538 4588
4589 4581
4590 4591
4592 4593
4594 4595
4579 4596
4597 4598
4598 4582
4599 4595
4600 4601
4602 4603
4561 4578
4604 4585
4605 4606
4607 4608
4571 4609
4596 4610
4611 4555
4612 4560
4544 4613
4552 4568
4614 4615
4614 4616
4597 4617
4618 4617
4604 4619
4620 4545
4584 4606
4570 4555
4552 4621
4622 4623
4607 4624
4625 4623
4626 4558
4627 4628
4603 4574
4629 4630
4580 4601
4590 4612
4631 4576
4629 4624
4632 4613
4591 4633
4602 4553
4634 4635
4636 4619
4567 4555
4637 4634
4608 4543
4611 4552
4638 4639
4569 4621
4565 4610
4640 4635
4615 4630
4632 4628
4559 4550
4641 4587
4600 4626
4616 4642
4573 4643
4541 4562
4586 4631
4643 4583
4572 4588
4620 4589
4546 4593
4605 4642
4540 4575
4637 4618
4566 4542
4639 4564
4641 4625
4592 4557
4622 4636
4638 4633
4640 4549
4594 4599
4609 4627
4644 4645
4646 4647
4648 4649
4650 4651
4652 4653
4654 4655
4656 4657
4658 4659
4660 4661
4662 4663
4664 4665
4666 4667
4668 4669
4670 4671
4672 4673
4674 4649
4675 4676
4677 4678
4679 4663
4680 4648
4681 4682
4683 4681
4684 4685
4686 4687
4688 4689
4690 4691
4692 4693
4694 4695
4696 4697
4698 4694
4699 4693
4700 4701
4702 4695
4703 4687
4704 4705
4706 4657
4707 4708
4709 4710
4711 4712
4713 4714
4715 4716
4717 4708
4718 4719
4720 4721
4722 4723
4656 4724
4725 4726
4704 4727
4664 4728
4677 4729
4686 4645
4730 4731
4732 4726
4672 4733
4734 4735
4736 4737
4652 4710
4697 4738
4739 4740
4703 4741
4742 4743
4744 4658
4745 4714
4746 4747
4748 4701
4745 4749
4750 4751
4722 4750
4729 4752
4741 4753
4707 4754
4755 4702
4744 4689
4756 4654
4757 4758
4759 4760
4761 4762
4763 4764
4720 4765
4766 4767
4768 4769
4725 4770
4771 4752
4772 4773
4774 4775
4776 4685
4777 4716
4778 4754
4779 4780
4692 4699
4749 4781
4782 4783
4743 4784
4732 4753
4785 4786
4787 4679
4788 4780
4789 4790
4791 4757
4742 4791
4792 4793
4653 4790
4787 4737
4794 4688
4700 4784
4785 4795
4666 4796
4797 4798
4799 4764
4779 4760
4711 4699
4800 4712
4801 4802
4724 4746
4803 4804
4805 4727
4650 4765
4696 4709
4806 4807
4808 4748
4783 4793
4809 4810
4774 4644
4811 4655
4713 4673
4705 4812
4813 4807
4801 4678
4814 4659
4815 4816
4817 4815
4799 4818
4669 4796
4813 4759
4647 4682
4755 4805
4691 4773
4718 4766
4660 4819
4820 4670
4821 4723
4809 4721
4763 4751
4822 4736
4823 4747
4824 4825
4738 4826
4811 4675
4800 4715
4767 4717
4797 4827
4816 4739
4698 4828
4674 4829
4830 4699
4817 4827
4730 4831
4662 4798
4830 4795
4778 4777
4788 4769
4680 4665
4804 4683
4789 4651
4823 4832
4833 4762
4646 4834
4786 4770
4771 4735
4676 4802
4734 4820
4835 4825
4803 4731
4719 4814
4810 4836
4822 4684
4668 4826
4836 4833
4837 4758
4690 4812
4837 4792
4761 4821
4838 4772
4834 4819
4706 4728
4756 4667
4839 4740
4768 4828
4775 4671
4838 4808
4781 4661
4794 4831
4782 4829
4776 4832
4839 4733
4818 4840
4806 4840
4824 4835
4841 4842
4843 4844
4845 4846
4847 4848
4847 4849
4850 4851
4852 4853
4854 4855
4856 4857
4858 4859
4860 4861
4862 4863
4843 4864
4865 4863
4866 4867
4868 4869
4851 4842
4870 4871
4850 4868
4872 4873
4874 4875
4852 4876
4858 4856
4877 4878
4854 4860
4870 4879
4880 4881
4882 4864
4883 4846
4881 4884
4866 4882
4885 4886
4887 4841
4888 4889
4890 4855
4848 4891
4880 4892
4893 4867
4894 4889
4892 4861
4895 4886
4896 4897
4879 4884
4877 4857
4883 4898
4899 4900
4887 4901
4902 4888
4890 4876
4885 4859
4900 4845
4903 4872
4874 4904
4898 4905
4862 4901
4844 4869
4865 4897
4893 4904
4894 4902
4903 4906
4873 4871
4896 4878
4849 4895
4906 4891
4899 4875
4905 4853
4907 4908
4909 4910
4911 4912
4913 4914
4915 4916
4915 4917
4918 4919
4920 4921
4922 4923
4923 4924
4925 4926
4927 4928
4929 4930
4918 4931
4932 4933
4934 4935
4918 4936
4909 4937
4938 4919
4929 4939
4940 4941
4942 4943
4937 4944
4945 4946
4944 4947
4918 4948
4949 4950
4951 4952
4953 4917
4934 4954
4934 4955
4956 4957
4958 4959
4960 4938
4942 4961
4962 4963
4964 4910
4965 4966
4967 4968
4969 4970
4956 4971
4972 4973
4974 4965
4975 4930
4976 4977
4941 4973
4913 4978
4963 4979
4980 4981
4982 4927
4920 4983
4984 4924
4972 4985
4948 4945
4986 4923
4987 4988
4940 4921
4974 4988
4975 4971
4943 4911
4989 4990
4957 4991
4992 4936
4993 4994
4923 4991
4995 4996
4997 4998
4960 4999
4999 4928
4907 5000
5001 4951
4997 5002
4987 4994
5003 5004
5005 4926
4958 4995
5006 4950
5002 4996
5007 4925
5008 4964
4990 4998
5009 4939
5010 4993
4989 4978
4934 5004
4947 5011
4982 5012
4969 4916
4953 4968
5007 5013
4970 5014
4949 4961
4946 4952
4932 4983
4984 5015
5003 4954
4935 5000
4980 4914
4986 4908
5009 5011
5005 5012
4976 4959
5013 4966
4933 4962
5010 4985
5015 4955
4981 5001
4922 4912
4931 4992
5008 5014
4967 4977
5006 4979
5016 5017
5018 5019
5019 5020
5021 5022
5023 5024
5025 5022
5026 5027
5028 5029
5030 5031
5032 5033
5018 5034
5035 5036
5021 5037
5038 5039
5040 5041
5042 5043
5044 5043
5045 5046
5047 5048
5049 5050
5051 5052
5053 5054
5055 5056
5057 5056
5058 5059
5060 5061
5062 5063
5064 5065
5066 5067
5068 5035
5069 5070
5071 5072
5073 5074
5041 5024
5075 5076
5077 5078
5079 5080
5049 5036
5064 5060
5062 5081
5055 5082
5083 5084
5085 5037
5086 5087
5088 5089
5090 5091
5092 5093
5038 5094
5095 5088
5096 5097
5040 5023
5098 5099
5044 5100
5057 5032
5068 5101
5102 5099
5080 5103
5050 5034
5104 5105
5106 5107
5082 5108
5109 5031
5110 5107
5045 5079
5069 5063
5075 5101
5020 5111
5047 5103
5088 5112
5083 5113
5088 5114
5106 5115
5116 5112
5095 5114
5117 5118
5086 5119
5120 5033
5058 5105
5072 5017
5121 5053
5040 5122
5123 5097
5030 5059
5124 5039
5125 5061
5081 5065
5126 5127
5029 5128
5077 5046
5116 5089
5125 5054
5102 5121
5073 5124
5110 5120
5104 5087
5129 5042
5093 5074
5122 5130
5051 5067
5131 5085
5096 5076
5016 5078
5132 5126
5028 5132
5026 5048
5129 5128
5040 5130
5098 5133
5134 5133
5091 5127
5115 5109
5070 5135
5135 5094
5025 5111
5118 5119
5092 5066
5113 5108
5052 5100
5134 5084
5071 5123
5090 5131
5117 5027
5136 5137
5136 5138
5139 5140
5141 5142
5143 5144
5145 5146
5142 5147
5148 5149
5150 5151
5152 5153
5154 5155
5156 5157
5158 5147
5159 5160
5161 5162
5163 5164
5165 5166
5167 5168
5169 5170
5159 5171
5172 5173
5174 5175
5176 5177
5178 5151
5139 5179
5180 5181
5182 5183
5184 5185
5186 5187
5188 5171
5189 5185
5190 5145
5191 5157
5170 5150
5192 5193
5194 5195
5196 5197
5198 5182
5199 5200
5161 5144
5201 5202
5203 5149
5204 5205
5206 5207
5208 5209
5203 5210
5196 5211
5212 5213
5178 5198
5214 5166
5215 5216
5217 5218
5140 5219
5218 5220
5221 5164
5222 5223
5224 5225
5226 5227
5176 5222
5216 5177
5228 5229
5190 5230
5231 5232
5233 5227
5234 5235
5236 5173
5237 5191
5197 5152
5235 5200
5141 5204
5238 5239
5205 5240
5241 5242
5194 5243
5244 5245
5230 5229
5158 5246
5247 5248
5225 5209
5249 5250
5251 5252
5253 5254
5245 5211
5255 5160
5253 5172
5256 5241
5252 5257
5258 5244
5189 5259
5260 5232
5261 5180
5167 5262
5215 5239
5233 5240
5263 5243
5162 5264
5265 5214
5266 5267
5268 5165
5251 5269
5228 5179
5148 5202
5270 5167
5271 5153
5272 5181
5199 5273
5163 5274
5275 5246
5274 5223
5221 5220
5217 5267
5257 5137
5226 5201
5276 5269
5275 5238
5143 5268
5277 5156
5263 5234
5169 5278
5188 5187
5184 5248
5207 5279
5280 5224
5175 5262
5254 5219
5167 5281
5195 5276
5258 5279
5272 5231
5281 5168
5154 5264
5273 5193
5210 5282
5237 5261
5174 5183
5270 5265
5271 5255
5213 5278
5208 5186
5266 5283
5256 5277
5283 5138
5192 5155
5212 5247
5249 5284
5280 5250
5259 5285
5206 5284
5260 5236
5146 5285
5282 5242
5286 5287
5288 5289
5290 5291
5292 5293
5294 5295
5296 5297
5298 5299
5300 5301
5302 5303
5304 5305
5306 5307
5308 5309
5299 5310
5311 5312
5313 5314
5307 5315
5316 5317
5318 5319
5320 5321
5322 5323
5324 5325
5326 5327
5328 5329
5330 5331
5332 5333
5334 5323
5335 5336
5320 5337
5338 5339
5340 5341
5342 5343
5344 5345
5346 5319
5347 5348
5349 5350
5351 5341
5352 5353
5354 5355
5356 5357
5358 5359
5360 5361
5362 5363
5364 5365
5366 5367
5368 5369
5317 5370
5371 5372
5373 5374
5375 5376
5377 5378
5342 5379
5380 5381
5382 5383
5384 5385
5386 5387
5388 5389
5390 5391
5313 5392
5393 5394
5378 5374
5395 5396
5353 5397
5314 5398
5399 5400
5401 5402
5403 5404
5405 5406
5407 5408
5409 5410
5411 5412
5413 5414
5415 5416
5417 5418
5391 5419
5420 5421
5422 5423
5424 5425
5426 5427
5420 5428
5386 5339
5429 5430
5431 5432
5433 5385
5300 5305
5434 5303
5435 5436
5437 5438
5439 5440
5441 5411
5442 5443
5444 5445
5441 5358
5375 5297
5318 5446
5384 5447
5448 5440
5365 5369
5449 5450
5451 5309
5452 5445
5453 5454
5455 5312
5456 5457
5458 5349
5442 5390
5459 5460
5461 5400
5462 5449
5463 5336
5464 5348
5465 5343
5466 5370
5399 5467
5410 5306
5468 5469
5332 5470
5471 5472
5462 5473
5474 5475
5476 5404
5477 5478
5364 5473
5479 5354
5322 5333
5480 5481
5463 5287
5482 5483
5484 5334
5485 5382
5486 5461
5429 5396
5288 5376
5415 5468
5356 5487
5488 5486
5489 5490
5491 5383
5458 5372
5492 5493
5489 5494
5405 5495
5301 5494
5496 5497
5498 5499
5500 5470
5464 5435
5402 5501
5311 5477
5502 5503
5362 5437
5460 5325
5504 5505
5506 5507
5403 5508
5509 5510
5492 5479
5360 5490
5511 5304
5512 5483
5513 5514
5515 5516
5517 5302
5457 5518
5519 5439
5422 5481
5502 5520
5308 5521
5431 5436
5522 5523
5524 5525
5526 5527
5417 5338
5528 5433
5346 5529
5294 5310
5530 5531
5459 5315
5532 5516
5533 5532
5498 5293
5452 5534
5379 5337
5397 5327
5535 5536
5389 5505
5401 5529
5367 5531
5537 5324
5444 5538
5538 5450
5451 5539
5540 5345
5524 5381
5528 5373
5316 5466
5541 5521
5542 5536
5543 5544
5456 5545
5504 5495
5519 5321
5480 5407
5513 5368
5537 5546
5514 5443
5547 5540
5471 5286
5392 5467
5548 5549
5484 5425
5511 5472
5550 5551
5430 5395
5500 5509
5388 5291
5453 5541
5552 5553
5554 5549
5421 5555
5556 5557
5539 5508
5351 5426
5350 5394
5397 5361
5542 5530
5548 5558
5559 5560
5416 5487
5476 5561
5295 5371
5562 5419
5438 5527
5488 5290
5563 5455
5491 5493
5564 5565
5340 5434
5485 5331
5418 5387
5526 5558
5328 5447
5424 5566
5551 5567
5568 5359
5478 5569
5499 5414
5570 5535
5571 5503
5377 5572
5573 5454
5289 5545
5428 5510
5574 5296
5413 5575
5574 5523
5496 5469
5570 5568
5556 5357
5576 5518
5446 5577
5448 5560
5517 5423
5577 5501
5326 5475
5506 5497
5474 5578
5546 5398
5409 5565
5393 5512
5292 5575
5579 5573
5335 5412
5547 5557
5579 5569
5344 5366
5562 5522
5550 5408
5465 5427
5576 5559
5298 5329
5552 5525
5507 5572
5534 5554
5533 5515
5406 5580
5432 5355
5567 5581
5380 5330
5363 5580
5563 5352
5561 5566
5397 5578
5555 5582
5347 5581
5482 5544
5564 5543
5571 5520
5582 5553
5583 5584
5583 5585
5586 5587
5588 5589
5590 5591
5592 5593
5594 5595
5596 5597
5598 5599
5600 5601
5602 5603
5604 5605
5606 5607
5608 5601
5609 5610
5611 5612
5613 5614
5615 5616
5617 5618
5619 5585
5593 5589
5620 5621
5622 5623
5594 5624
5625 5623
5626 5627
5624 5628
5629 5630
5631 5632
5633 5616
5588 5634
5635 5627
5636 5637
5613 5638
5618 5639
5635 5640
5641 5607
5642 5643
5608 5644
5645 5646
5599 5647
5648 5612
5649 5646
5650 5651
5615 5652
5653 5632
5654 5600
5653 5639
5644 5655
5592 5633
5651 5656
5625 5621
5637 5638
5631 5591
5586 5657
5636 5658
5645 5603
5604 5620
5659 5654
5658 5597
5660 5661
5606 5662
5663 5598
5629 5660
5622 5647
5617 5634
5662 5640
5586 5656
5614 5655
5664 5595
5657 5661
5665 5630
5648 5666
5652 5667
5650 5665
5659 5664
5590 5626
5628 5584
5629 5605
5619 5629
5642 5666
5611 5587
5643 5610
5641 5602
5663 5649
5596 5667
5586 5609
5668 5669
5670 5671
5672 5673
5674 5675
5676 5677
5678 5679
5670 5680
5681 5682
5680 5681
5683 5684
5683 5685
5686 5687
5688 5689
5690 5688
5679 5691
5692 5693
5694 5695
5673 5691
5692 5696
5697 5698
5699 5682
5690 5700
5699 5701
5694 5675
5676 5687
5702 5689
5702 5703
5668 5671
5674 5704
5672 5705
5704 5698
5706 5700
5703 5678
5707 5684
5686 5669
5708 5685
5709 5701
5677 5705
5710 5707
5696 5711
5695 5712
5709 5712
5708 5706
5710 5693
5697 5711
5713 5714
5715 5716
5717 5718
5719 5720
5721 5722
5723 5724
5725 5726
5713 5727
5721 5728
5729 5730
5731 5732
5733 5734
5735 5736
5737 5738
5739 5724
5715 5740
5741 5742
5743 5744
5745 5746
5747 5748
5749 5750
5731 5751
5752 5753
5754 5755
5756 5757
5758 5759
5760 5761
5762 5746
5761 5763
5720 5764
5765 5766
5767 5768
5769 5770
5771 5772
5735 5744
5715 5752
5773 5728
5745 5774
5775 5742
5741 5776
5777 5778
5779 5718
5780 5781
5716 5740
5743 5782
5773 5757
5783 5719
5784 5785
5786 5714
5787 5786
5768 5788
5789 5739
5790 5791
5765 5792
5780 5793
5762 5729
5784 5794
5795 5766
5747 5796
5738 5792
5755 5797
5798 5759
5758 5799
5725 5774
5796 5800
5798 5801
5802 5803
5804 5800
5805 5806
5805 5807
5808 5770
5734 5727
5809 5732
5801 5803
5754 5753
5810 5811
5779 5760
5812 5767
5813 5814
5790 5722
5772 5806
5776 5794
5787 5815
5789 5791
5778 5733
5749 5793
5795 5809
5816 5799
5769 5817
5818 5817
5812 5736
5815 5819
5783 5748
5820 5785
5737 5715
5726 5804
5821 5750
5717 5751
5811 5822
5771 5819
5777 5781
5810 5808
5723 5764
5816 5823
5814 5818
5807 5763
5813 5802
5821 5823
5822 5820
5775 5782
5788 5797
5756 5730
5824 5825
5826 5827
5828 5829
5830 5831
5832 5833
5834 5835
5836 5837
5838 5839
5840 5839
5841 5842
5843 5844
5845 5846
5847 5848
5849 5850
5832 5851
5852 5853
5854 5855
5856 5857
5858 5859
5860 5834
5861 5862
5863 5864
5865 5866
5846 5867
5862 5868
5869 5870
5871 5872
5860 5873
5874 5875
5876 5877
5878 5879
5879 5880
5855 5881
5882 5883
5884 5885
5886 5887
5888 5889
5833 5890
5891 5892
5887 5893
5894 5857
5894 5895
5866 5896
5897 5853
5898 5899
5900 5831
5901 5902
5903 5904
5905 5906
5824 5907
5908 5909
5910 5911
5912 5913
5895 5914
5915 5878
5849 5841
5916 5872
5917 5907
5840 5918
5919 5920
5901 5921
5922 5842
5923 5924
5925 5926
5927 5928
5830 5929
5930 5931
5850 5889
5859 5848
5854 5932
5933 5934
5935 5936
5845 5921
5937 5938
5939 5829
5915 5940
5836 5926
5925 5928
5869 5861
5922 5941
5942 5882
5943 5899
5944 5945
5946 5947
5913 5867
5948 5908
5949 5950
5827 5880
5883 5835
5951 5948
5876 5932
5936 5952
5953 5954
5873 5931
5955 5956
5924 5953
5837 5949
5843 5941
5881 5871
5927 5957
5958 5959
5838 5960
5942 5910
5851 5961
5865 5863
5902 5952
5826 5955
5939 5914
5962 5825
5847 5930
5958 5870
5890 5909
5892 5896
5963 5897
5963 5964
5956 5965
5943 5935
5912 5893
5966 5875
5911 5844
5917 5957
5877 5938
5886 5945
5962 5828
5954 5929
5967 5950
5856 5933
5947 5885
5891 5905
5904 5852
5923 5961
5903 5916
5884 5864
5966 5868
5968 5906
5951 5940
5946 5944
5900 5920
5959 5965
5969 5919
5858 5967
5969 5934
5898 5888
5937 5874
5960 5918
5968 5964
5970 5971
5972 5973
5974 5975
5976 5977
5978 5979
5980 5981
5982 5983
5984 5985
5986 5987
5988 5989
5990 5991
5992 5993
5994 5995
5996 5997
5998 5999
6000 6001
6002 6003
6004 6005
6006 6007
6008 6009
6010 6011
6012 6013
6014 6015
6016 6017
6018 6019
6020 6021
6022 6023
6024 6025
6026 6027
6028 6029
6030 6031
6032 6033
6034 6035
6036 6037
6038 6039
6040 6041
6034 6042
6043 6044
6045 6046
6047 6048
6049 6050
6051 6042
6052 6053
6054 6055
6056 6057
6058 6059
6060 6061
6062 6057
6063 6064
5995 6065
6066 6067
6068 6069
6070 6071
6072 6049
6073 6074
6075 6076
6077 5974
6078 6079
6080 6081
6082 6083
6084 6085
6086 6087
6088 6007
6089 6090
6091 6092
6093 6094
6095 6096
6097 6098
6099 6100
6101 6102
6043 6103
6104 6105
6106 6107
6108 6109
6110 6111
6112 6113
6114 6115
6116 6091
6117 6118
6119 6120
6121 6122
6123 6115
6066 6099
6124 6125
6126 6127
6032 6128
6129 6130
6113 6131
6132 6133
6134 6135
6136 6137
6138 6139
6140 6141
6142 6108
6143 6135
6144 6145
6146 6124
6147 6127
6148 5981
6149 6150
5979 5987
6151 6152
6153 6154
6155 6156
6157 6158
6159 6078
6160 6161
6162 6115
6163 6053
6164 6165
6166 6167
6168 6122
6169 6170
5992 6171
6172 6173
6174 6175
6033 6176
6177 6178
6179 6180
5978 6047
6096 6181
6105 5993
6182 6110
6183 5985
6184 6017
6032 6185
6010 6186
6187 6188
6084 6189
6146 6190
6191 6080
6192 6193
6194 6195
6196 6197
6198 6090
6092 6199
6071 6200
6201 6202
6203 6204
6205 6206
6207 6208
6209 6210
6171 6211
6212 6156
6191 6213
6214 6215
6216 6217
6006 6131
6218 6219
6097 6142
6169 6220
6221 6219
6222 6223
6182 6224
6225 6226
6126 6227
6228 6229
6001 6189
6230 6056
6231 6232
6233 6234
6235 6236
6237 6238
6239 6240
6002 6241
6200 6242
6054 6243
6244 6215
6245 6133
6246 6247
6248 6249
6250 6251
6000 6252
6253 6254
6255 6157
6256 6257
6258 6259
6260 6261
6088 5980
6008 6262
6263 6264
5970 6265
6140 6266
6111 6055
6267 6259
5994 6268
6121 6082
6269 6210
6270 6271
6079 6272
6102 6208
6235 6273
6214 6076
6274 6275
6276 6277
6278 6279
6280 6281
6012 6282
6283 6284
6285 6067
6286 6229
5997 6287
6288 6289
6119 6290
6149 6221
6291 6292
6176 6293
6294 6295
6296 6048
6297 6187
6004 6205
6298 6299
6300 6301
6302 6303
6100 6304
6305 6251
6262 6223
6276 6286
6036 6093
6306 6307
6308 6309
6310 6311
6312 6313
6314 6315
6058 6316
6317 6318
6319 6320
6321 6035
6322 6323
6324 6325
6198 6326
6327 5990
6328 6329
6330 6331
6332 5991
6333 6334
6335 6336
6068 6337
6302 6338
6292 6339
6340 6264
6341 6342
6220 6343
6344 6163
6319 6345
6346 6161
6062 6252
6196 6295
6347 6348
6349 6350
6351 6308
6352 6353
6305 6186
6354 6207
6355 6356
6357 6358
6130 6359
6360 6361
6362 6323
6363 6350
6236 6139
6364 6226
6365 6366
6132 6314
6340 6367
6368 6299
6355 6297
6369 6185
6370 6371
6041 6309
6372 6373
6347 6374
6375 6087
6338 6376
6377 6378
6334 6233
6379 6081
6357 6151
6380 6031
6381 6382
6383 6245
6335 6384
6385 6386
6387 6059
6388 6167
6388 6389
6024 6390
5976 6391
6392 6072
6393 6280
6032 6365
6255 6394
6395 6396
6212 6155
6397 6283
6322 6398
6399 6273
6400 6301
6391 5977
6364 6401
6402 6316
6403 6404
6312 6405
6052 6064
5972 6285
6406 6361
6247 6213
5983 6190
6399 5971
6306 6407
6028 6408
6409 6382
6170 6410
6411 6293
5982 6412
6413 6225
6095 6046
6414 6168
6179 6103
6339 6404
6359 6204
6123 6415
6129 6153
6358 5985
6093 6416
6241 6249
6417 6418
6419 6387
6177 6420
6421 6422
6423 6152
6201 6424
6425 6120
6426 6075
6260 6063
6332 6188
6427 6356
6005 6353
6428 6429
6430 5999
6414 6148
6256 6327
6431 6115
6114 6410
6003 6432
6184 6433
6434 6435
6436 6150
6437 6118
6040 6438
6125 6061
6318 6232
6377 6025
6439 6321
6145 6440
6402 6272
6104 6337
6278 6441
6442 6192
6443 6444
6060 6445
6070 6336
6446 6447
6216 6424
6436 6448
6045 6386
6443 6406
6288 6270
6380 6069
6363 6194
6209 6244
6449 6450
6419 6311
6451 6077
6452 6453
6044 6454
6307 6455
6345 6456
6407 6385
6442 6013
6227 6457
6073 6328
6174 6242
6089 6458
6447 6320
6037 6459
6441 6019
6253 6460
6263 6456
6461 6416
6462 6458
6463 6371
6464 5989
6268 6457
6465 6426
6466 6467
6418 6343
6468 6469
6349 6261
6086 6265
6134 6230
6470 6144
6471 6468
6183 6472
6016 6373
6473 6354
6474 6173
6383 6370
6083 6415
6125 6250
6451 6445
5988 6464
6317 6446
6475 6218
6333 6234
6360 6011
6379 6341
6439 6395
6428 6202
6240 6020
6476 6165
6050 6237
6477 6460
6128 6009
6478 6475
6469 6243
6479 6225
5984 6472
6420 6178
6480 6175
6481 6274
6279 6284
6166 5986
6463 6482
5998 6483
6409 6366
6136 6021
6433 6016
6014 6085
6484 6422
6147 6199
6467 6330
6396 6485
6486 6193
6437 6487
6470 6440
6109 6098
6479 6413
6266 6488
6164 6483
6450 6342
6304 6181
6392 6267
6487 6398
6225 6065
6231 6362
5996 6368
6484 6116
6393 6489
6093 6325
6481 6022
6137 6490
6160 6491
6324 6094
6195 6051
6228 6277
6423 5985
6412 6074
6018 6476
6143 6106
6300 6492
6473 6029
6482 6369
6493 6494
6344 6313
6449 6348
6452 6491
6290 6453
6138 6376
6372 6490
6430 6425
6438 6434
6117 6180
6246 6351
6346 6494
6212 6485
6384 6254
6492 6141
6182 6417
6421 5973
6477 6429
6367 6154
6172 6488
6462 6326
6203 6435
6159 6455
6352 6287
6375 6027
6182 6394
6400 6238
6310 6454
6289 6271
6038 6489
6390 6408
6381 6217
6162 6431
6298 5975
6466 6291
6493 6495
6486 6374
6471 6269
6026 6444
6023 6197
6315 6495
6331 6107
6248 6480
6275 6448
6281 6039
6212 6401
6016 6432
6378 6206
6294 6496
6397 6112
6403 6015
6461 6459
6405 6389
6411 6222
6474 6303
6257 6427
6125 6329
6224 6158
6258 6465
6239 6296
6496 6282
6030 6211
6478 6101
6497 6498
6499 6500
6501 6502
6503 6504
6505 6506
6507 6508
6509 6510
6511 6512
6513 6501
6510 6514
6515 6508
6516 6498
6517 6518
6519 6506
6520 6521
6522 6523
6524 6521
6525 6526
6520 6525
6527 6528
6522 6529
6530 6516
6531 6532
6533 6534
6535 6536
6503 6537
6538 6539
6499 6540
6527 6500
6541 6542
6543 6539
6528 6502
6544 6545
6546 6511
6547 6526
6548 6549
6513 6547
6550 6541
6523 6512
6551 6552
6553 6529
6546 6554
6538 6555
6556 6532
6557 6558
6559 6558
6560 6561
6543 6562
6563 6564
6565 6535
6515 6544
6531 6566
6567 6568
6569 6570
6571 6524
6556 6534
6550 6551
6507 6545
6572 6573
6574 6537
6569 6560
6574 6568
6575 6576
6577 6555
6561 6578
6533 6579
6559 6517
6497 6553
6571 6580
6519 6579
6552 6580
6563 6509
6530 6542
6566 6570
6505 6581
6577 6557
6565 6518
6572 6554
6536 6578
6576 6514
6567 6564
6504 6549
6540 6581
6562 6548
6575 6573
6582 6583
6584 6585
6586 6587
6588 6589
6590 6591
6592 6593
6594 6585
6595 6596
6597 6598
6599 6600
6601 6602
6603 6604
6605 6606
6603 6586
6607 6608
6609 6610
6598 6611
6612 6613
6614 6615
6616 6610
6617 6611
6618 6619
6620 6621
6622 6623
6624 6625
6626 6627
6628 6587
6608 6629
6628 6630
6594 6631
6632 6633
6634 6635
6636 6626
6590 6637
6638 6639
6640 6606
6641 6642
6643 6621
6644 6645
6646 6647
6595 6648
6649 6650
6651 6652
6653 6654
6655 6656
6657 6658
6659 6648
6660 6661
6662 6645
6596 6663
6664 6665
6648 6666
6667 6623
6641 6668
6642 6669
6670 6661
6671 6672
6673 6660
6674 6675
6630 6671
6676 6589
6613 6677
6678 6679
6680 6681
6682 6676
6683 6684
6685 6686
6680 6667
6687 6688
6689 6690
6691 6692
6607 6620
6646 6684
6584 6693
6694 6677
6673 6695
6696 6697
6588 6698
6699 6700
6636 6685
6683 6689
6701 6654
6702 6703
6704 6652
6705 6682
6706 6707
6708 6709
6634 6710
6711 6656
6712 6640
6713 6600
6617 6604
6714 6615
6701 6715
6582 6711
6716 6695
6717 6653
6714 6718
6612 6696
6691 6719
6694 6592
6649 6693
6708 6602
6597 6715
6698 6720
6699 6681
6721 6722
6721 6687
6723 6719
6658 6666
6678 6709
6717 6622
6724 6725
6609 6643
6726 6601
6624 6726
6727 6728
6616 6663
6729 6730
6670 6731
6730 6627
6732 6690
6655 6733
6727 6734
6668 6619
6735 6736
6712 6722
6605 6723
6737 6599
6713 6738
6635 6739
6591 6632
6662 6733
6710 6700
6740 6665
6741 6735
6618 6614
6664 6703
6651 6732
6742 6724
6702 6633
6650 6743
6639 6669
6744 6707
6659 6657
6729 6745
6637 6593
6728 6720
6629 6625
6631 6688
6705 6734
6718 6686
6644 6583
6706 6692
6740 6648
6742 6745
6647 6736
6744 6738
6679 6672
6716 6739
6675 6697
6737 6638
6741 6704
6743 6731
6725 6674
6746 6747
6748 6749
6750 6751
6752 6753
6754 6751
6755 6756
6757 6758
6759 6760
6749 6761
6762 6763
6764 6765
6766 6767
6768 6769
6770 6771
6772 6773
6774 6775
6776 6777
6778 6779
6780 6781
6782 6767
6783 6784
6785 6786
6787 6788
6789 6790
6791 6792
6793 6789
6761 6794
6758 6763
6795 6796
6783 6797
6798 6799
6791 6800
6759 6801
6802 6803
6804 6805
6806 6807
6808 6777
6809 6810
6811 6812
6798 6813
6800 6814
6815 6816
6817 6801
6818 6819
6820 6806
6752 6757
6776 6775
6762 6821
6822 6799
6810 6821
6823 6809
6813 6824
6784 6792
6825 6747
6826 6766
6786 6827
6828 6827
6780 6829
6830 6831
6832 6805
6833 6834
6828 6835
6768 6833
6812 6836
6804 6822
6837 6838
6839 6840
6841 6819
6778 6842
6788 6794
6843 6829
6837 6836
6844 6845
6846 6847
6782 6848
6849 6850
6815 6753
6851 6779
6852 6853
6755 6773
6854 6855
6787 6820
6856 6831
6857 6858
6748 6859
6858 6834
6860 6765
6830 6861
6862 6769
6772 6863
6754 6774
6864 6860
6865 6866
6867 6816
6746 6817
6848 6835
6853 6856
6868 6840
6869 6797
6843 6832
6868 6781
6818 6793
6814 6851
6770 6870
6869 6867
6760 6841
6808 6847
6838 6863
6842 6796
6861 6785
6864 6823
6844 6771
6795 6871
6865 6854
6871 6756
6825 6859
6866 6872
6811 6802
6857 6824
6849 6872
6845 6807
6764 6850
6852 6790
6839 6803
6862 6750
6826 6855
6846 6870
6873 6874
6875 6876
6877 6878
6879 6880
6881 6882
6883 6884
6885 6886
6887 6888
6889 6890
6891 6892
6893 6894
6895 6896
6897 6898
6899 6900
6901 6902
6903 6901
6904 6905
6906 6907
6908 6909
6910 6911
6912 6877
6913 6905
6914 6915
6916 6917
6918 6919
6899 6920
6914 6921
6920 6896
6922 6923
6924 6925
6900 6917
6926 6927
6928 6929
6930 6931
6932 6933
6934 6916
6935 6928
6930 6909
6936 6937
6938 6939
6938 6915
6940 6937
6881 6906
6941 6936
6942 6943
6944 6933
6880 6945
6903 6876
6946 6947
6873 6948
6949 6945
6950 6888
6951 6925
6952 6887
6953 6954
6879 6955
6956 6919
6875 6955
6902 6957
6935 6958
6949 6956
6918 6959
6959 6951
6897 6889
6960 6961
6927 6884
6962 6874
6963 6964
6965 6911
6942 6921
6908 6910
6922 6890
6966 6894
6967 6883
6946 6968
6904 6939
6932 6967
6958 6957
6924 6969
6940 6944
6931 6943
6947 6965
6970 6968
6969 6954
6948 6964
6971 6892
6952 6893
6895 6882
6912 6961
6926 6929
6972 6953
6973 6878
6941 6966
6963 6885
6898 6971
6886 6972
6891 6913
6960 6962
6907 6973
6950 6970
6934 6923
6974 6975
6976 6977
6978 6979
6980 6981
6982 6983
6984 6985
6986 6987
6988 6989
6990 6991
6992 6993
6994 6995
6996 6997
6982 6998
6999 6995
7000 7001
6986 7002
7003 7004
7005 7006
7007 7008
7009 7010
7011 7012
7013 7014
7015 7016
7017 7018
7019 7020
7021 7022
6985 7020
7023 7024
6980 7025
7026 6985
7027 7028
7029 7030
7031 7032
7033 7034
6992 7035
7036 7037
7038 7039
7040 7041
7042 7010
7043 7044
7045 7046
7047 7006
7048 7049
7050 7030
6987 7051
7052 7053
7054 6977
7023 6988
7055 7056
7057 7058
7059 7041
7060 7061
7062 7063
7064 7065
7066 7004
7067 7068
7069 7070
7071 7072
7073 7017
7074 7056
7075 7076
7077 7078
7079 7080
6996 7081
7009 7082
7083 7084
7085 7086
7015 7087
7074 7088
7089 7090
7032 7091
7092 6976
7093 7001
7094 7095
7071 6979
7081 7012
7094 7045
7096 7097
7073 6983
7098 7039
7019 7099
7052 7026
7005 7100
7101 7077
7024 7102
7103 7104
7047 7103
7105 7106
7107 7108
7007 7016
7109 7037
7110 7018
7072 7111
7112 7113
7114 7108
7105 7115
7034 6991
7096 7025
7116 7014
7117 7118
7099 6985
7119 7120
7121 7112
7116 7122
7027 7123
7124 7125
7104 6990
7126 7111
7127 7128
7098 7102
7129 6974
7119 7013
7130 7046
7033 7123
7131 7132
7106 7133
7134 7135
7092 7118
7136 6981
7129 7044
7087 7137
7059 7138
7139 7054
7140 7110
7131 7066
7141 7142
7143 7137
7144 7145
7139 7146
7147 7068
7013 7148
7002 7149
7011 7063
7008 7069
7130 7080
7048 7150
7151 7060
7152 7100
7064 7115
7153 7021
7154 7031
7075 7155
7013 7116
7043 7134
7152 7095
7150 7156
7157 7158
7101 7159
7160 7127
6994 7061
7086 7161
6998 7162
7163 7164
7140 7165
7022 7088
7151 7166
7167 7138
7168 7162
7003 7166
7121 7169
7124 7170
7171 7057
7171 7157
7172 6975
7143 7062
7065 6993
7173 7067
7163 7174
7141 7175
7176 6997
7117 7085
7177 7178
7109 7156
7133 7132
7148 7161
7179 7180
7181 7029
7049 7149
7144 7042
7176 7177
7126 7122
7182 7183
7038 7035
7089 7114
7182 6984
7146 7090
7180 7053
7181 7116
7184 7070
7028 7050
7107 7168
7174 7185
7184 7128
7036 7169
7093 7061
7164 7165
7172 7076
7142 7155
7120 7159
7136 7175
7001 7170
7135 6989
7145 7058
7186 7051
7186 7055
7153 7178
7082 7187
6999 7001
7147 7061
7154 7185
7160 7187
7179 7040
7158 7091
7097 7079
7125 7084
6978 7078
7167 7183
7173 7000
7083 7113
7188 7189
7190 7191
7192 7193
7194 7193
7195 7196
7197 7198
7199 7200
7201 7202
7203 7204
7205 7206
7207 7208
7209 7210
7211 7212
7213 7205
7214 7192
7215 7216
7217 7218
7219 7220
7221 7222
7223 7224
7225 7208
7226 7227
7228 7229
7230 7231
7196 7232
7233 7234
7235 7210
7236 7237
7238 7189
7239 7240
7241 7242
7230 7243
7244 7245
7214 7246
7247 7203
7248 7249
7250 7251
7223 7252
7253 7200
7254 7255
7256 7257
7258 7259
7260 7261
7262 7263
7264 7265
7209 7266
7267 7268
7215 7269
7270 7271
7272 7273
7274 7275
7276 7277
7278 7279
7278 7280
7281 7282
7283 7284
7285 7286
7287 7288
7209 7289
7290 7291
7226 7292
7252 7293
7294 7295
7296 7261
7297 7298
7299 7300
7217 7301
7275 7302
7303 7304
7284 7231
7305 7212
7306 7290
7307 7238
7191 7227
7308 7309
7310 7311
7312 7300
7313 7263
7314 7315
7213 7316
7307 7317
7318 7302
7319 7198
7320 7239
7321 7322
7323 7207
7320 7219
7324 7232
7270 7296
7325 7326
7312 7294
7327 7303
7224 7328
7329 7292
7195 7222
7330 7331
7332 7331
7258 7260
7304 7276
7221 7333
7334 7322
7264 7335
7321 7336
7329 7337
7211 7265
7338 7339
7319 7340
7291 7282
7341 7244
7342 7237
7301 7297
7343 7243
7344 7290
7281 7342
7299 7345
7346 7347
7348 7220
7349 7277
7350 7227
7351 7352
7353 7333
7354 7236
7355 7344
7356 7352
7348 7309
7357 7305
7341 7257
7267 7358
7359 7338
7327 7295
7325 7279
7289 7225
7335 7216
7360 7361
7250 7235
7228 7345
7306 7253
7308 7362
7287 7318
7332 7363
7364 7349
7314 7343
7359 7269
7241 7336
7194 7311
7310 7328
7365 7259
7254 7247
7366 7218
7367 7204
7197 7337
7350 7283
7199 7368
7354 7369
7268 7370
7249 7371
7202 7206
7256 7372
7188 7373
7201 7255
7346 7374
7365 7315
7357 7242
7223 7293
7372 7245
7374 7280
7364 7290
7288 7266
7355 7362
7353 7326
7317 7358
7286 7229
7190 7350
7323 7375
7223 7347
7376 7356
7351 7248
7375 7271
7313 7370
7377 7339
7376 7373
7350 7285
7209 7251
7366 7377
7262 7334
7368 7273
7324 7363
7330 7371
7272 7369
7233 7361
7298 7234
7367 7316
7274 7246
7360 7227
7340 7240
7378 7379
7380 7381
7382 7383
7384 7385
7386 7383
7387 7382
7388 7385
7389 7390
7391 7392
7384 7393
7394 7395
7396 7395
7391 7397
7386 7398
7399 7400
7380 7401
7389 7394
7402 7403
7404 7400
7392 7401
7405 7398
7406 7378
7403 7407
7408 7409
7397 7407
7402 7410
7411 7388
7412 7404
7387 7413
7408 7410
7411 7396
7412 7406
7414 7379
7409 7405
7399 7393
7413 7415
7414 7381
7415 7390
7416 7417
7418 7419
7420 7421
7422 7423
7424 7425
7426 7427
7428 7429
7430 7431
7432 7433
7434 7435
7436 7437
7438 7439
7440 7441
7442 7443
7422 7444
7445 7446
7447 7448
7440 7449
7450 7451
7452 7453
7451 7454
7425 7421
7455 7456
7457 7458
7459 7460
7461 7462
7463 7459
7464 7465
7466 7467
7468 7469
7470 7443
7471 7472
7473 7474
7475 7476
7477 7478
7479 7480
7481 7462
7482 7483
7484 7485
7486 7487
7488 7489
7490 7491
7492 7493
7494 7495
7496 7497
7498 7499
7500 7501
7502 7435
7503 7504
7453 7417
7505 7506
7507 7508
7432 7509
7510 7511
7512 7513
7514 7515
7516 7517
7518 7519
7520 7521
7522 7523
7524 7525
7434 7526
7527 7528
7529 7527
7530 7531
7445 7532
7515 7533
7534 7483
7470 7535
7536 7537
7538 7539
7475 7540
7506 7501
7541 7542
7543 7544
7545 7489
7546 7504
7547 7530
7548 7549
7550 7551
7552 7509
7534 7541
7553 7554
7555 7556
7557 7558
7559 7560
7543 7461
7561 7562
7477 7563
7564 7565
7502 7431
7566 7567
7568 7569
7570 7571
7572 7430
7469 7549
7425 7573
7574 7575
7576 7577
7578 7579
7580 7581
7582 7569
7583 7584
7585 7450
7580 7586
7574 7426
7587 7588
7589 7511
7590 7591
7592 7593
7594 7533
7595 7596
7597 7598
7586 7599
7478 7600
7559 7601
7602 7603
7604 7520
7605 7606
7429 7607
7490 7608
7609 7546
7610 7611
7424 7612
7613 7442
7614 7599
7615 7616
7418 7545
7617 7618
7619 7620
7621 7603
7622 7623
7624 7625
7610 7448
7593 7626
7627 7628
7464 7427
7629 7454
7630 7567
7631 7632
7633 7634
7635 7636
7537 7513
7512 7471
7637 7505
7614 7638
7539 7639
7505 7598
7640 7641
7642 7643
7644 7436
7622 7547
7474 7645
7644 7597
7480 7646
7647 7591
7648 7649
7635 7639
7589 7650
7589 7651
7476 7652
7653 7654
7645 7655
7656 7526
7602 7657
7658 7638
7529 7553
7479 7659
7455 7660
7661 7625
7643 7437
7484 7662
7663 7632
7449 7444
7664 7665
7555 7620
7666 7660
7667 7641
7668 7525
7669 7670
7494 7671
7672 7673
7674 7675
7676 7677
7583 7678
7592 7626
7658 7617
7621 7637
7536 7679
7588 7604
7498 7680
7681 7682
7683 7675
7647 7665
7683 7684
7595 7685
7667 7686
7687 7688
7611 7689
7690 7691
7692 7693
7486 7694
7695 7439
7642 7656
7608 7696
7657 7697
7565 7698
7438 7699
7636 7616
7700 7664
7701 7694
7702 7495
7587 7687
7703 7433
7568 7696
7538 7447
7672 7704
7705 7679
7706 7651
7707 7670
7613 7460
7676 7590
7564 7697
7532 7708
7692 7578
7615 7709
7710 7711
7712 7678
7540 7503
7594 7703
7669 7529
7492 7713
7714 7715
7473 7556
7648 7481
7618 7650
7716 7485
7428 7717
7496 7718
7535 7659
7560 7719
7566 7569
7619 7552
7693 7653
7677 7680
7622 7720
7693 7721
7722 7723
7724 7423
7585 7708
7500 7554
7725 7452
7726 7628
7727 7673
7518 7728
7516 7674
7493 7688
7487 7728
7724 7524
7729 7529
7507 7561
7693 7654
7623 7542
7458 7488
7730 7661
7563 7491
7731 7612
7686 7732
7698 7505
7652 7510
7569 7682
7548 7719
7701 7721
7558 7646
7720 7680
7528 7702
7416 7517
7622 7695
7523 7733
7522 7573
7441 7705
7551 7711
7562 7577
7425 7733
7630 7600
7629 7649
7605 7734
7710 7544
7714 7465
7691 7715
7581 7579
7482 7699
7735 7690
7627 7601
7634 7717
7425 7736
7737 7735
7706 7736
7738 7712
7572 7727
7631 7684
7662 7689
7709 7584
7666 7739
7729 7528
7722 7713
7468 7640
7596 7557
7589 7731
7700 7740
7740 7467
7550 7463
7606 7508
7741 7519
7607 7716
7514 7742
7734 7609
7457 7725
7737 7726
7624 7743
7466 7680
7704 7633
7744 7576
7742 7732
7499 7531
7663 7497
7744 7718
7730 7739
7681 7668
7685 7707
7425 7420
7570 7456
7582 7655
7743 7571
7575 7446
7741 7738
7723 7521
7419 7472
7528 7671
7745 7746
7747 7748
7749 7750
7751 7752
7753 7754
7755 7756
7757 7758
7759 7760
7761 7762
7763 7760
7764 7765
7766 7767
7768 7769
7770 7771
7772 7773
7774 7775
7776 7777
7778 7779
7780 7781
7763 7782
7783 7784
7785 7786
7766 7787
7788 7762
7789 7790
7791 7792
7793 7794
7795 7796
7797 7798
7799 7800
7801 7802
7803 7804
7805 7806
7807 7808
7809 7810
7797 7811
7812 7813
7814 7815
7816 7817
7818 7819
7820 7821
7822 7823
7824 7825
7826 7827
7748 7828
7829 7830
7809 7831
7832 7833
7834 7835
7836 7837
7824 7838
7771 7839
7840 7841
7842 7788
7843 7830
7844 7845
7846 7847
7848 7849
7761 7850
7851 7852
7783 7853
7818 7854
7855 7856
7798 7857
7858 7800
7808 7859
7847 7860
7861 7862
7863 7864
7787 7865
7866 7867
7868 7789
7869 7849
7793 7839
7870 7823
7825 7773
7751 7871
7872 7822
7873 7874
7875 7876
7877 7878
7879 7880
7881 7882
7879 7883
7884 7755
7885 7886
7785 7887
7832 7867
7888 7841
7853 7792
7889 7890
7891 7892
7893 7750
7894 7895
7896 7828
7875 7897
7898 7899
7900 7901
7836 7902
7903 7904
7905 7790
7903 7906
7907 7908
7909 7910
7911 7912
7913 7871
7826 7771
7914 7915
7916 7917
7918 7919
7920 7921
7922 7842
7923 7924
7925 7926
7857 7804
7918 7774
7927 7928
7770 7929
7930 7931
7911 7932
7891 7905
7933 7934
7768 7935
7892 7936
7780 7937
7938 7939
7909 7863
7934 7940
7893 7941
7942 7943
7944 7860
7945 7946
7886 7769
7947 7890
7865 7948
7949 7915
7950 7951
7754 7885
7952 7953
7954 7955
7952 7956
7957 7937
7745 7958
7959 7819
7960 7961
7758 7962
7963 7850
7772 7964
7965 7796
7966 7931
7747 7806
7942 7967
7968 7921
7969 7970
7820 7971
7972 7854
7973 7955
7859 7878
7974 7975
7872 7976
7929 7908
7977 7978
7846 7979
7980 7981
7973 7876
7982 7884
7983 7984
7920 7795
7985 7928
7912 7898
7986 7987
7988 7767
7960 7989
7990 7968
7812 7991
7985 7899
7992 7970
7993 7994
7794 7827
7958 7881
7868 7961
7910 7962
7811 7991
7906 7833
7935 7775
7995 7996
7946 7994
7997 7998
7999 8000
7887 7981
8001 7805
7947 7995
7809 7913
8002 7821
7900 8003
8004 8005
7944 7844
7922 7834
7982 7840
8006 7963
7809 7777
7791 7845
7801 7902
7869 7802
7866 7932
7877 7838
7957 7807
7996 8007
7816 7919
7759 8008
8001 8008
7889 7837
7938 7829
7753 7949
7971 7786
8009 8010
7951 7988
7977 8011
8012 7883
7907 7771
7969 7978
7862 7782
7930 7856
7986 7990
8013 7987
7959 8014
7999 7835
7972 8005
7851 8007
8015 7858
8011 7764
8016 7941
7945 7993
7848 8017
7901 8018
7924 8019
8009 7936
7914 7916
7870 8002
7950 8004
7880 7855
7964 7992
8020 8000
8014 7897
8021 7746
8003 7917
8022 7967
8006 7948
8023 7943
7757 8020
7997 8018
7925 7940
7979 7953
8021 7989
7799 7896
7869 7975
7888 7927
8024 7956
7869 7815
7817 7765
8022 8010
7873 8017
8023 7813
7976 7756
7776 7983
7781 7749
7965 7843
7923 7926
7779 8016
7939 7933
8019 8024
7831 7984
7864 8013
7803 7852
7954 7980
7894 7998
7752 7784
7904 8025
7966 7882
7778 8025
7861 8012
7874 7895
8015 7810
7814 7974
8026 8027
8028 8029
8030 8031
8032 8033
8034 8035
8036 8037
8038 8039
8038 8040
8041 8042
8043 8044
8045 8046
8047 8048
8049 8050
8051 8052
8053 8054
8049 8036
8055 8056
8057 8058
8059 8044
8060 8061
8062 8043
8063 8031
8064 8065
8066 8067
8068 8069
8070 8071
8072 8073
8074 8075
8076 8077
8078 8079
8080 8050
8081 8082
8057 8083
8084 8030
8085 8086
8051 8086
8087 8088
8089 8090
8091 8092
8093 8061
8074 8094
8034 8095
8096 8063
8097 8098
8099 8075
8100 8101
8102 8088
8103 8035
8047 8104
8105 8067
8087 8097
8106 8056
8076 8107
8072 8108
8055 8027
8081 8109
8108 8045
8039 8073
8105 8092
8040 8110
8032 8042
8080 8111
8093 8059
8028 8112
8106 8113
8100 8114
8115 8109
8078 8060
8026 8089
8112 8115
8037 8071
8104 8116
8029 8116
8117 8094
8118 8041
8052 8065
8085 8082
8077 8113
8119 8110
8111 8120
8096 8107
8118 8090
8068 8064
8091 8069
8053 8114
8054 8098
8084 8101
8103 8121
8120 8122
8062 8117
8079 8048
8121 8046
8123 8095
8123 8124
8122 8033
8099 8058
8102 8083
8119 8070
8066 8124
8125 8126
8127 8128
8129 8130
8131 8132
8133 8132
8134 8135
8136 8137
8138 8139
8140 8141
8142 8143
8133 8144
8128 8145
8140 8143
8146 8147
8148 8149
8150 8151
8152 8153
8154 8155
8156 8157
8158 8159
8158 8160
8161 8149
8162 8163
8164 8165
8150 8166
8167 8168
8135 8169
8170 8171
8172 8162
8173 8174
8175 8171
8161 8176
8177 8126
8166 8152
8173 8159
8178 8179
8180 8165
8153 8181
8182 8141
8129 8176
8183 8184
8185 8157
8136 8186
8187 8164
8179 8147
8127 8188
8160 8189
8190 8184
8148 8156
8191 8186
8170 8177
8192 8137
8193 8169
8192 8185
8187 8178
8190 8182
8183 8193
8125 8194
8142 8188
8195 8144
8172 8180
8196 8189
8154 8145
8194 8163
8146 8168
8130 8155
8167 8197
8131 8191
8138 8175
8134 8197
8195 8181
8151 8174
8196 8139
8198 8199
8200 8201
8202 8203
8204 8205
8206 8207
8208 8209
8210 8205
8211 8212
8213 8214
8204 8207
8210 8215
8216 8217
8218 8217
8213 8219
8220 8221
8205 8215
8222 8212
8223 8224
8225 8226
8219 8227
8228 8216
8201 8209
8229 8198
8228 8230
8231 8226
8232 8233
8232 8230
8234 8235
8222 8227
8229 8221
8234 8211
8214 8236
8231 8236
8208 8202
8218 8199
8225 8237
8223 8233
8235 8238
8220 8238
8200 8205
8237 8224
8206 8203
8239 8240
8241 8242
8243 8244
8245 8246
8247 8248
8249 8250
8251 8252
8253 8254
8255 8256
8257 8258
8259 8260
8261 8262
8263 8264
8265 8266
8267 8260
8268 8269
8270 8240
8271 8272
8273 8274
8275 8276
8277 8278
8279 8262
8280 8281
8282 8283
8284 8285
8247 8242
8286 8256
8267 8287
8268 8288
8289 8290
8291 8292
8293 8294
8259 8295
8296 8297
8275 8243
8289 8244
8277 8286
8252 8292
8298 8299
8293 8266
8273 8249
8257 8300
8301 8271
8302 8276
8303 8304
8301 8305
8306 8255
8307 8308
8309 8310
8294 8311
8312 8313
8307 8256
8314 8315
8316 8317
8318 8319
8309 8320
8251 8321
8296 8322
8246 8323
8291 8264
8270 8324
8318 8320
8316 8303
8281 8325
8313 8326
8327 8322
8282 8328
8274 8254
8304 8329
8248 8302
8280 8330
8288 8311
8299 8253
8330 8300
8265 8323
8310 8297
8308 8256
8326 8258
8245 8331
8284 8331
8319 8250
8278 8328
8325 8269
8314 8305
8272 8283
8321 8317
8327 8279
8263 8290
8261 8295
8315 8285
8324 8329
8312 8298
8306 8239
8241 8287
8332 8333
8334 8335
8336 8337
8338 8339
8340 8341
8342 8343
8344 8345
8346 8347
8332 8348
8349 8350
8351 8352
8345 8352
8353 8343
8354 8340
8355 8356
8357 8358
8358 8359
8360 8361
8362 8363
8342 8364
8333 8361
8365 8366
8367 8364
8368 8369
8370 8371
8349 8348
8339 8372
8334 8373
8374 8350
8355 8341
8362 8375
8359 8371
8365 8376
8369 8347
8346 8377
8378 8336
8357 8372
8344 8353
8377 8337
8379 8380
8381 8356
8382 8383
8373 8383
8374 8368
8335 8382
8378 8363
8366 8384
8385 8384
8354 8380
8381 8351
8385 8375
8370 8379
8338 8360
8367 8376
8386 8387
8388 8389
8390 8391
8392 8393
8394 8395
8396 8397
8398 8399
8400 8401
8402 8403
8404 8405
8406 8407
8408 8409
8410 8411
8412 8413
8414 8415
8416 8409
8417 8418
8419 8420
8421 8422
8396 8423
8424 8425
8426 8427
8428 8426
8429 8430
8431 8432
8433 8434
8435 8436
8437 8438
8439 8418
8440 8441
8401 8403
8416 8442
8443 8444
8445 8446
8447 8448
8421 8417
8449 8450
8388 8451
8452 8453
8454 8430
8408 8434
8455 8456
8457 8458
8459 8460
8461 8462
8425 8429
8410 8463
8414 8464
8465 8448
8439 8466
8461 8405
8442 8467
8468 8446
8459 8469
8437 8470
8471 8413
8457 8472
8469 8473
8474 8475
8476 8477
8454 8478
8479 8480
8481 8482
8392 8483
8484 8436
8407 8387
8440 8405
8419 8466
8428 8485
8486 8482
8487 8464
8488 8404
8447 8435
8489 8490
8449 8397
8445 8478
8450 8491
8461 8488
8492 8462
8485 8490
8440 8493
8451 8494
8394 8495
8493 8496
8497 8456
8483 8498
8431 8422
8441 8391
8395 8495
8444 8480
8476 8487
8412 8432
8461 8470
8471 8472
8484 8494
8423 8467
8465 8481
8452 8389
8499 8475
8468 8489
8500 8438
8440 8501
8390 8500
8502 8405
8455 8486
8411 8406
8443 8503
8400 8503
8399 8427
8497 8433
8477 8496
8460 8402
8420 8424
8386 8453
8498 8479
8393 8415
8473 8458
8499 8492
8474 8491
8501 8502
8504 8398
8504 8463
8505 8506
8507 8508
8509 8510
8511 8512
8513 8505
8514 8512
8515 8516
8517 8518
8508 8519
8520 8521
8511 8522
8523 8516
8517 8524
8525 8526
8527 8528
8529 8523
8530 8531
8518 8532
8533 8534
8535 8536
8537 8538
8539 8540
8541 8542
8541 8543
8544 8524
8519 8545
8546 8547
8548 8549
8520 8550
8551 8552
8531 8553
8554 8545
8540 8555
8556 8557
8558 8514
8529 8559
8560 8549
8561 8562
8544 8563
8546 8564
8510 8528
8558 8565
8566 8525
8550 8534
8537 8522
8567 8509
8533 8553
8568 8569
8551 8570
8559 8571
8572 8532
8513 8573
8567 8521
8539 8573
8526 8506
8507 8563
8538 8557
8535 8569
8574 8575
8576 8509
8574 8570
8554 8575
8568 8577
8556 8571
8530 8578
8579 8576
8515 8580
8581 8548
8582 8565
8527 8509
8572 8577
8581 8583
8578 8566
8582 8536
8552 8543
8555 8562
8580 8542
8579 8560
8547 8561
8564 8583
8584 8585
8586 8587
8588 8589
8590 8591
8592 8593
8592 8594
8595 8596
8597 8598
8598 8596
8599 8591
8593 8599
8584 8600
8601 8602
8603 8604
8601 8605
8606 8594
8607 8608
8609 8610
8586 8611
8597 8612
8612 8587
8590 8607
8611 8613
8606 8614
8615 8616
8617 8618
8603 8589
8619 8620
8609 8617
8619 8621
8595 8608
8588 8616
8620 8613
8622 8585
8600 8604
8623 8610
8624 8621
8622 8602
8625 8618
8614 8615
8623 8624
8625 8605
8626 8627
8628 8629
8630 8631
8632 8633
8632 8634
8635 8629
8636 8637
8638 8639
8639 8640
8641 8640
8642 8643
8644 8641
8642 8645
8646 8647
8648 8649
8650 8651
8652 8653
8654 8646
8655 8656
8657 8658
8659 8643
8660 8626
8661 8645
8648 8662
8662 8661
8660 8653
8635 8659
8655 8631
8633 8663
8628 8644
8634 8654
8638 8664
8650 8656
8657 8663
8651 8665
8665 8637
8630 8664
8636 8647
8652 8658
8627 8649
8666 8667
8668 8669
8670 8671
8672 8673
8674 8675
8675 8676
8671 8677
8678 8679
8680 8681
8669 8682
8683 8684
8680 8685
8676 8686
8687 8688
8689 8690
8670 8684
8678 8667
8691 8668
8692 8673
8672 8692
8679 8677
8690 8685
8674 8689
8666 8693
8682 8681
8691 8688
8672 8693
8672 8686
8687 8683
8694 8695
8696 8697
8698 8699
8700 8701
8702 8703
8704 8705
8706 8707
8708 8709
8710 8711
8712 8713
8714 8715
8716 8705
8717 8718
8719 8720
8721 8722
8723 8724
8725 8726
8727 8728
8702 8729
8730 8731
8732 8733
8734 8735
8736 8695
8737 8738
8700 8739
8740 8721
8741 8742
8740 8743
8744 8745
8746 8747
8748 8714
8723 8749
8750 8751
8752 8695
8753 8713
8753 8754
8754 8755
8756 8709
8720 8757
8719 8758
8759 8760
8761 8762
8750 8763
8764 8755
8765 8763
8766 8738
8767 8768
8769 8766
8716 8770
8743 8751
8761 8771
8741 8772
8773 8774
8732 8735
8775 8776
8722 8745
8777 8778
8779 8760
8773 8780
8712 8781
8782 8768
8752 8783
8707 8759
8746 8783
8725 8708
8767 8784
8785 8698
8757 8718
8747 8786
8782 8787
8734 8780
8787 8695
8756 8778
8788 8789
8703 8790
8791 8781
8706 8792
8793 8694
8771 8762
8744 8711
8794 8699
8786 8769
8729 8749
8717 8795
8796 8733
8794 8797
8788 8798
8697 8799
8748 8800
8764 8801
8802 8737
8803 8798
8792 8801
8696 8800
8804 8724
8728 8784
8790 8777
8775 8791
8730 8789
8785 8802
8779 8803
8770 8710
8736 8793
8795 8726
8704 8715
8774 8797
8805 8758
8805 8742
8765 8731
8804 8739
8772 8799
8796 8701
8727 8776
8806 8807
8808 8809
8810 8811
8812 8813
8814 8815
8816 8817
8818 8819
8820 8821
8822 8823
8809 8824
8824 8825
8813 8826
8827 8828
8829 8830
8831 8832
8833 8834
8835 8836
8837 8838
8839 8840
8831 8841
8842 8836
8843 8844
8845 8846
8812 8847
8848 8843
8846 8821
8849 8850
8826 8851
8852 8853
8854 8855
8856 8857
8858 8838
8859 8822
8860 8861
8810 8862
8863 8864
8860 8865
8866 8867
8868 8862
8869 8870
8871 8872
8854 8840
8814 8873
8871 8874
8872 8875
8870 8828
8847 8850
8876 8820
8806 8877
8849 8878
8848 8853
8869 8878
8842 8879
8865 8837
8845 8875
8844 8857
8874 8816
8880 8881
8829 8834
8879 8825
8882 8866
8839 8815
8817 8807
8883 8884
8859 8851
8808 8885
8819 8884
8833 8841
8886 8855
8880 8864
8887 8888
8858 8861
8868 8867
8882 8889
8881 8856
8827 8890
8835 8891
8883 8832
8892 8823
8885 8886
8830 8890
8852 8892
8887 8877
8876 8888
8891 8863
8818 8889
8873 8811
8893 8894
8895 8896
8897 8898
8899 8900
8901 8902
8903 8904
8905 8906
8907 8908
8895 8909
8896 8910
8911 8912
8893 8913
8905 8914
8915 8902
8903 8916
8899 8917
8918 8897
8919 8912
8920 8921
8913 8922
8923 8924
8901 8923
8925 8926
8927 8909
8925 8928
8929 8930
8931 8908
8906 8898
8932 8933
8928 8931
8934 8935
8924 8900
8907 8921
8934 8916
8936 8937
8936 8922
8935 8932
8938 8937
8929 8920
8917 8933
8939 8919
8918 8940
8941 8942
8930 8914
8927 8940
8911 8910
8942 8938
8915 8926
8939 8941
8904 8894
8943 8944
8945 8946
8947 8948
8949 8950
8951 8952
8953 8954
8955 8956
8957 8958
8959 8960
8961 8962
8963 8964
8965 8956
8961 8966
8967 8968
8969 8970
8971 8972
8973 8974
8975 8976
8971 8954
8977 8963
8978 8944
8979 8958
8955 8948
8959 8980
8981 8982
8967 8983
8984 8985
8969 8986
8950 8987
8988 8989
8990 8987
8991 8980
8976 8960
8949 8970
8992 8993
8952 8994
8995 8991
8981 8994
8996 8997
8990 8998
8978 8983
8968 8993
8999 9000
8943 9001
8996 8992
9002 9003
8974 9004
8973 9003
9005 9006
8985 8999
8979 9007
8945 8966
8984 8951
8955 9008
9007 8989
9002 8995
9009 8957
9010 8972
9010 8998
8953 8964
8975 9008
8955 8946
8965 8962
8988 8977
9005 8947
9006 8982
9009 9004
9001 8986
8997 9000
9011 9012
9013 9014
9015 9016
9017 9018
9019 9020
9021 9022
9023 9024
9025 9026
9027 9028
9024 9029
9030 9031
9032 9033
9027 9034
9035 9036
9032 9028
9019 9037
9038 9039
9014 9040
9041 9042
9041 9043
9044 9045
9023 9046
9047 9036
9048 9026
9021 9049
9050 9048
9042 9051
9052 9050
9013 9030
9053 9054
9020 9055
9053 9056
9057 9058
9045 9022
9059 9034
9060 9059
9061 9062
9063 9037
9064 9033
9065 9051
9066 9043
9035 9013
9029 9066
9052 9046
9064 9067
9025 9015
9047 9058
9056 9055
9017 9062
9011 9031
9068 9016
9068 9040
9044 9060
9039 9054
9038 9061
9013 9012
9057 9018
9069 9049
9065 9067
9063 9069
9070 9071
9072 9073
9074 9075
9076 9077
9078 9079
9080 9081
9082 9083
9084 9085
9086 9087
9088 9087
9089 9090
9091 9092
9093 9094
9095 9096
9097 9098
9099 9100
9101 9102
9103 9104
9105 9106
9107 9075
9108 9109
9093 9110
9111 9112
9113 9114
9115 9116
9117 9110
9118 9119
9120 9121
9122 9123
9103 9124
9125 9094
9126 9127
9108 9089
9128 9085
9129 9130
9072 9071
9091 9095
9079 9131
9132 9109
9133 9134
9070 9113
9135 9136
9137 9077
9138 9139
9140 9141
9116 9142
9101 9143
9144 9145
9146 9136
9147 9148
9130 9128
9099 9104
9117 9145
9076 9141
9139 9148
9147 9149
9119 9127
9150 9151
9152 9153
9150 9154
9155 9142
9120 9102
9115 9100
9156 9157
9158 9088
9159 9160
9161 9112
9162 9163
9098 9106
9135 9134
9105 9132
9164 9159
9118 9126
9137 9165
9166 9074
9167 9160
9143 9153
9168 9169
9170 9171
9171 9165
9172 9173
9080 9174
9175 9176
9123 9177
9144 9173
9161 9178
9158 9179
9081 9180
9181 9177
9182 9090
9138 9172
9181 9163
9111 9155
9129 9097
9146 9152
9156 9182
9169 9180
9168 9162
9078 9073
9183 9176
9096 9174
9140 9114
9125 9179
9083 9184
9185 9157
9175 9184
9124 9164
9122 9133
9086 9121
9183 9131
9084 9092
9166 9107
9167 9149
9082 9185
9170 9178
9151 9154
9186 9187
9188 9189
9190 9191
9192 9193
9194 9195
9186 9196
9197 9198
9199 9187
9188 9200
9201 9202
9203 9204
9189 9205
9206 9207
9208 9202
9193 9209
9210 9204
9199 9196
9211 9206
9212 9207
9213 9214
9208 9215
9216 9217
9218 9219
9213 9203
9220 9218
9221 9222
9217 9195
9210 9223
9211 9220
9214 9205
9197 9190
9198 9209
9194 9216
9191 9215
9212 9222
9192 9200
9221 9201
9223 9219
9224 9225
9226 9227
9228 9229
9230 9231
9232 9233
9234 9235
9236 9237
9238 9239
9240 9241
9242 9240
9234 9231
9243 9244
9238 9245
9246 9244
9232 9247
9248 9233
9249 9237
9250 9251
9252 9253
9254 9255
9226 9256
9257 9253
9258 9227
9259 9260
9261 9262
9263 9243
9264 9265
9266 9258
9249 9267
9230 9257
9263 9268
9269 9270
9255 9270
9271 9272
9267 9268
9266 9273
9254 9274
9275 9241
9236 9235
9272 9261
9259 9265
9224 9247
9269 9276
9277 9274
9264 9239
9246 9275
9278 9271
9260 9262
9279 9256
9277 9242
9273 9280
9278 9229
9281 9245
9279 9225
9276 9228
9252 9250
9251 9280
9248 9281
9282 9283
9284 9285
9286 9287
9288 9287
9289 9290
9291 9292
9293 9294
9295 9296
9296 9283
9297 9298
9299 9300
9299 9301
9302 9303
9304 9305
9306 9300
9307 9290
9308 9309
9310 9311
9312 9292
9282 9302
9313 9301
9303 9314
9291 9315
9295 9316
9317 9286
9288 9318
9316 9319
9289 9311
9315 9320
9313 9317
9309 9298
9306 9321
9285 9297
9293 9310
9312 9305
9320 9322
9307 9308
9304 9314
9318 9284
9321 9319
9322 9294
9323 9324
9325 9326
9327 9328
9329 9327
9330 9331
9332 9333
9328 9334
9335 9336
9323 9337
9338 9339
9340 9341
9342 9343
9344 9345
9346 9347
9348 9349
9350 9351
9352 9353
9354 9355
9356 9357
9358 9359
9342 9360
9361 9362
9363 9364
9365 9359
9361 9366
9367 9368
9369 9339
9370 9345
9371 9372
9373 9374
9375 9376
9377 9378
9379 9380
9381 9382
9330 9324
9329 9355
9379 9368
9344 9383
9375 9384
9369 9380
9385 9366
9386 9382
9387 9331
9388 9389
9390 9356
9363 9391
9348 9392
9390 9386
9393 9352
9336 9367
9357 9343
9394 9395
9396 9353
9385 9354
9388 9347
9333 9334
9396 9394
9397 9371
9398 9399
9397 9351
9383 9360
9332 9372
9325 9364
9335 9373
9350 9341
9346 9340
9365 9400
9389 9399
9400 9391
9370 9378
9358 9338
9377 9349
9393 9381
9376 9337
9387 9362
9398 9374
9326 9395
9384 9392
9401 9402
9403 9404
9405 9406
9407 9408
9409 9410
9411 9412
9409 9413
9414 9415
9416 9417
9418 9419
9420 9421
9422 9423
9424 9425
9426 9402
9427 9428
9429 9430
9431 9432
9433 9434
9435 9436
9437 9438
9428 9439
9426 9440
9441 9442
9435 9420
9443 9444
9444 9445
9446 9447
9448 9449
9450 9430
9451 9452
9453 9454
9455 9456
9403 9457
9458 9459
9453 9427
9460 9461
9462 9463
9443 9464
9465 9466
9424 9467
9468 9469
9470 9471
9422 9472
9473 9474
9475 9469
9476 9477
9478 9436
9460 9479
9480 9439
9476 9481
9456 9482
9478 9435
9483 9416
9451 9438
9401 9417
9484 9485
9486 9487
9488 9489
9432 9490
9491 9492
9493 9494
9465 9495
9413 9467
9496 9406
9497 9498
9499 9490
9500 9480
9475 9483
9501 9464
9461 9419
9499 9452
9502 9503
9504 9505
9497 9412
9506 9457
9487 9411
9455 9457
9507 9434
9508 9509
9510 9511
9512 9513
9431 9514
9500 9488
9446 9491
9502 9515
9503 9516
9517 9485
9479 9415
9518 9519
9414 9520
9521 9498
9522 9445
9450 9523
9524 9525
9526 9505
9437 9527
9494 9515
9528 9408
9529 9506
9473 9530
9531 9493
9482 9425
9532 9441
9477 9423
9407 9533
9410 9405
9486 9474
9519 9534
9535 9527
9536 9418
9536 9537
9454 9530
9538 9539
9540 9448
9517 9529
9468 9540
9462 9501
9470 9509
9525 9447
9531 9459
9463 9510
9518 9539
9526 9472
9513 9466
9495 9471
9492 9489
9440 9537
9433 9484
9522 9512
9514 9511
9533 9538
9449 9496
9481 9458
9442 9541
9404 9457
9435 9520
9521 9508
9535 9429
9523 9504
9528 9524
9532 9534
9507 9421
9516 9541
9542 9543
9544 9545
9546 9547
9548 9549
9550 9551
9552 9553
9554 9555
9556 9557
9558 9559
9560 9561
9562 9563
9564 9565
9566 9567
9568 9569
9570 9571
9550 9572
9554 9573
9574 9575
9576 9577
9578 9579
9580 9581
9546 9582
9583 9584
9585 9586
9587 9588
9589 9590
9591 9568
9592 9593
9594 9595
9596 9597
9598 9599
9600 9585
9601 9602
9603 9588
9604 9545
9605 9606
9607 9589
9608 9609
9610 9611
9612 9613
9549 9562
9614 9615
9616 9614
9617 9618
9619 9620
9621 9622
9623 9624
9625 9626
9627 9628
9569 9629
9630 9628
9631 9632
9633 9634
9635 9636
9604 9637
9579 9563
9638 9639
9640 9631
9641 9642
9643 9561
9627 9559
9644 9645
9584 9646
9647 9648
9649 9650
9595 9645
9544 9651
9638 9652
9622 9653
9654 9655
9656 9657
9655 9605
9658 9557
9641 9659
9660 9657
9661 9662
9572 9618
9663 9592
9664 9665
9666 9667
9668 9669
9611 9670
9671 9672
9555 9624
9673 9593
9674 9647
9675 9676
9677 9678
9679 9680
9564 9653
9574 9610
9594 9581
9681 9644
9682 9683
9600 9543
9684 9685
9633 9686
9687 9688
9689 9690
9619 9691
9643 9681
9692 9648
9662 9693
9673 9689
9667 9646
9674 9661
9596 9565
9658 9590
9694 9650
9607 9556
9695 9629
9686 9553
9542 9696
9683 9669
9697 9666
9578 9698
9671 9699
9700 9695
9617 9654
9698 9656
9701 9702
9566 9688
9573 9703
9704 9640
9551 9560
9548 9678
9580 9705
9706 9602
9701 9642
9707 9679
9708 9663
9680 9586
9558 9575
9709 9616
9709 9710
9692 9632
9583 9597
9660 9711
9621 9712
9668 9713
9704 9659
9672 9635
9677 9705
9714 9598
9612 9639
9707 9715
9685 9625
9613 9637
9714 9702
9716 9652
9623 9649
9582 9571
9697 9717
9711 9547
9634 9599
9576 9570
9577 9691
9608 9699
9567 9693
9587 9603
9591 9606
9717 9626
9700 9665
9716 9710
9675 9712
9609 9636
9670 9682
9630 9615
9651 9620
9708 9696
9706 9694
9664 9601
9713 9684
9690 9676
9715 9552
9687 9703
9718 9719
9720 9721
9722 9723
9724 9725
9726 9727
9728 9729
9730 9731
9732 9733
9734 9735
9736 9737
9738 9739
9740 9741
9731 9742
9743 9744
9745 9746
9737 9747
9748 9737
9742 9749
9721 9750
9720 9751
9752 9723
9753 9754
9755 9756
9757 9758
9759 9760
9729 9761
9762 9763
9751 9750
9764 9765
9736 9766
9767 9768
9769 9770
9771 9772
9773 9774
9775 9776
9777 9778
9779 9780
9781 9782
9783 9784
9785 9786
9732 9787
9788 9728
9789 9790
9791 9792
9718 9793
9794 9795
9796 9797
9798 9799
9800 9801
9789 9802
9803 9757
9804 9805
9779 9744
9806 9807
9782 9808
9809 9810
9811 9812
9791 9813
9812 9814
9815 9816
9817 9780
9733 9808
9748 9818
9819 9760
9820 9821
9753 9822
9823 9824
9825 9725
9826 9729
9827 9747
9828 9829
9784 9830
9831 9799
9832 9833
9834 9775
9759 9756
9835 9802
9836 9837
9838 9839
9810 9773
9840 9841
9842 9827
9843 9824
9844 9845
9809 9831
9846 9847
9786 9848
9771 9840
9849 9850
9846 9851
9849 9852
9853 9774
9854 9855
9783 9856
9857 9811
9724 9825
9743 9858
9785 9857
9820 9859
9794 9860
9720 9839
9836 9795
9792 9847
9720 9746
9861 9750
9862 9822
9863 9739
9730 9752
9864 9818
9800 9829
9865 9833
9727 9754
9864 9866
9863 9719
9837 9834
9850 9867
9868 9869
9745 9870
9871 9869
9804 9872
9764 9856
9765 9823
9873 9729
9787 9835
9874 9778
9805 9875
9876 9803
9877 9845
9878 9762
9878 9768
9796 9763
9806 9879
9838 9807
9769 9722
9777 9874
9877 9851
9848 9814
9880 9832
9788 9855
9881 9741
9740 9861
9828 9801
9882 9883
9884 9885
9876 9866
9781 9776
9886 9813
9887 9872
9819 9888
9889 9890
9891 9889
9885 9892
9879 9867
9815 9862
9749 9893
9890 9886
9891 9797
9830 9770
9894 9843
9895 9858
9844 9761
9896 9842
9884 9897
9888 9766
9898 9841
9734 9892
9896 9816
9738 9899
9826 9900
9755 9899
9895 9898
9887 9894
9880 9767
9877 9871
9877 9868
9750 9790
9726 9901
9772 9758
9901 9735
9902 9737
9883 9881
9902 9859
9897 9860
9853 9852
9873 9900
9817 9821
9854 9793
9882 9870
9865 9893
9798 9875
