291250.6131272 4.6303412006153e6 110.9893032
291250.6159274 4.6303412020238e6 110.8753045
291251.5558375 4.6303416671101e6 108.2753027
291251.4909038 4.6303416350246e6 108.2453044
291252.6255275 4.6303421956911e6 108.6823076
291252.6818364 4.6303422235136e6 108.714302
291252.1602 4.6303419657538e6 108.4983053
291252.2867274 4.6303420282772e6 108.5433003
291251.6304256 4.6303417039664e6 108.3083051
291251.1469055 4.6303414650354e6 108.1353049
291251.1561211 4.6303414695898e6 108.1362989
291252.2582526 4.6303420137646e6 110.5902981
291252.2301948 4.6303419998777e6 110.683306
291251.0926811 4.6303414374664e6 111.7197017
291251.1949124 4.630341487981e6 111.7697061
291250.9736729 4.6303413794378e6 108.0492997
291252.7202746 4.6303422422601e6 109.8812989
291252.7380683 4.6303422510748e6 109.7853066
291252.7425909 4.6303422535396e6 108.7163084
291252.8516524 4.630342307429e6 108.7703058
291250.5840518 4.6303411867763e6 108.5183004
291250.5976693 4.6303411935354e6 108.3833063
291250.6104909 4.6303411998956e6 108.2743018
291253.1405327 4.6303424501249e6 109.1253014
291253.0771934 4.6303424187898e6 109.2703039
291250.6462855 4.6303412173072e6 109.5732975
291250.6374633 4.630341212961e6 109.5083037
291251.7792077 4.6303417768134e6 111.4973
291251.8183271 4.6303417961663e6 111.408307
291252.5114377 4.6303421393102e6 108.658308
291252.404772 4.6303420866065e6 108.5963016
291252.3119715 4.6303420403295e6 110.5173015
291252.4197948 4.6303420936572e6 110.3372983
291252.3664788 4.630342067291e6 110.4123052
291252.0040949 4.6303418880557e6 111.0442977
291252.0421751 4.6303419068884e6 110.9863043
291252.1024783 4.6303419372288e6 108.4863002
291250.6406522 4.6303412145714e6 109.3483051
291250.6430556 4.6303412157744e6 109.2773061
291252.5693183 4.6303421675979e6 110.1403033
291252.5960107 4.6303421808078e6 110.0573049
291251.6761262 4.6303417265508e6 108.3173049
291251.7765358 4.6303417761636e6 108.3742986
291250.6326665 4.630341210546e6 109.7143016
291250.6334654 4.6303412109563e6 109.642302
291250.6414085 4.6303412150573e6 108.8263053
291250.6185668 4.6303412037544e6 108.8913054
291250.6202496 4.6303412043942e6 109.7843062
291251.9748271 4.6303418735711e6 111.136305
291252.7669337 4.6303422653541e6 109.7232991
291253.1960588 4.6303424776165e6 108.8963055
291253.2431529 4.6303425008783e6 108.958306
291252.0626162 4.6303419175318e6 108.4683029
291251.9441247 4.6303418589754e6 108.4443014
291250.6029573 4.63034119598e6 109.1692987
291250.6801106 4.6303412336455e6 111.3373024
291250.6905459 4.6303412387886e6 111.4042969
291252.0714465 4.6303419213706e6 110.914297
291252.1628582 4.630341966568e6 110.8243067
291250.698167 4.630341242534e6 111.5027002
291250.6949576 4.6303412409332e6 111.5706989
291252.5002146 4.6303421334212e6 110.2513033
291251.7138607 4.6303417444937e6 111.6067017
291251.6892347 4.6303417323161e6 111.638701
291251.0184964 4.6303414008022e6 111.7206995
291251.3738285 4.6303415771679e6 108.2223036
291251.4515973 4.630341615602e6 108.2283074
291252.6783448 4.6303422215291e6 109.9193006
291252.8627396 4.6303423127243e6 109.6283007
291252.889591 4.6303423260108e6 109.5543024
291251.8950523 4.6303418341108e6 111.2923004
291251.9339393 4.6303418533422e6 111.2343073
291250.6245525 4.630341206776e6 108.596298
291250.6345831 4.6303412117179e6 108.6683023
291252.5835768 4.6303421749621e6 108.6633093
291251.7407124 4.6303417577733e6 111.5657033
291251.7655744 4.63034177007e6 111.5227041
291253.1400856 4.6303424499558e6 108.8833012
291252.4723111 4.6303421196195e6 110.3033011
291250.8769605 4.6303413308674e6 111.646698
291250.9611526 4.6303413724651e6 111.7037046
291253.0038311 4.6303423825082e6 109.382302
291252.3652856 4.6303420666861e6 110.4833046
291251.7278858 4.6303417514285e6 111.5916977
291250.6073845 4.6303411981086e6 109.4463006
291252.8082212 4.6303422857702e6 109.6733071
291250.6426104 4.6303412156663e6 108.7563058
291250.7319528 4.6303412599735e6 108.0493046
291250.6357306 4.630341212409e6 108.0913028
291250.7329908 4.630341259719e6 111.6227054
291250.6070356 4.6303411978272e6 109.9533005
291250.6154538 4.6303412019734e6 110.0203042
291253.1850323 4.6303424721306e6 109.0653007
291250.6022753 4.6303411953287e6 110.6322985
291250.6359579 4.6303412119915e6 110.5583031
291250.6098951 4.6303411990799e6 110.7013018
291251.6263017 4.6303417011915e6 111.7387036
291251.3307877 4.6303415551224e6 111.8243052
291251.400191 4.6303415894211e6 111.8347054
291250.8165235 4.6303413017819e6 107.9963014
291250.5877867 4.6303411883348e6 109.8563021
291251.8382381 4.6303418066562e6 108.3853054
291252.6238282 4.6303421945629e6 110.025307
291252.2027791 4.6303419863127e6 110.755304
291252.9613523 4.6303423614969e6 109.4623036
291250.6225123 4.630341205851e6 108.2082971
291251.2579548 4.6303415199126e6 108.1643032
291251.5517363 4.630341664321e6 111.8237012
291251.4927993 4.6303416351914e6 111.8307056
291250.6194927 4.6303412039076e6 110.3083059
291250.6307086 4.630341209466e6 110.2373008
291250.8586208 4.630341322586e6 108.0032996
291252.834521 4.630342298773e6 109.6512985
291250.6033525 4.6303411961906e6 109.0982988
291250.6091317 4.6303411985992e6 111.1823015
291250.6436098 4.6303412156532e6 111.1173065
291250.5853018 4.630341187295e6 108.979301
291250.611852 4.6303412001658e6 110.1483026
291250.6051336 4.6303411966089e6 111.2492998
291250.6170964 4.6303412026992e6 110.4203049
291252.9627246 4.6303423623143e6 108.8143041
291253.0747542 4.630342417664e6 108.8993028
291251.9611435 4.6303384319544e6 105.1053105
291251.9334993 4.6303384861365e6 105.1173078
291248.050853 4.6303461042605e6 105.0833231
291248.0790609 4.6303460493687e6 104.9882942
291251.3029968 4.6303396924853e6 111.5556807
291251.3561063 4.6303395885202e6 111.5056814
291252.044572 4.6303382378251e6 111.4822665
291252.0726363 4.6303381828569e6 111.4622681
291248.0591872 4.6303460829252e6 106.1272959
291248.0478791 4.6303461048354e6 106.1853036
291253.2310205 4.6303359189367e6 109.5992946
291253.2309771 4.6303359189073e6 109.6232948
291251.3289583 4.6303396759397e6 104.3502862
291251.3561275 4.6303396224986e6 104.3782902
291252.4517957 4.6303374729534e6 104.3332647
291252.4245724 4.630337526214e6 104.365291
291250.9319374 4.6303404549066e6 104.3522921
291250.9824991 4.6303403557877e6 104.334269
291252.4991098 4.6303373704691e6 106.3552955
291252.5124278 4.6303373446248e6 106.295293
291253.2289614 4.6303359224089e6 109.71829
291253.2180818 4.6303359434687e6 109.7782966
291250.2485646 4.6303417955872e6 104.3803046
291250.2916082 4.6303417112097e6 104.3642998
291248.9761452 4.6303442799188e6 106.9412876
291248.9585463 4.6303443146972e6 106.8892703
291252.1259067 4.6303380898788e6 109.0443014
291252.1565683 4.6303380297383e6 109.0402868
291249.1020551 4.6303440391962e6 105.6173374
291249.1054399 4.6303440328796e6 105.549339
291250.0284169 4.6303422275479e6 104.3762901
291250.0578514 4.6303421698723e6 104.3602685
291253.1849423 4.6303360005002e6 111.4522722
291253.1861004 4.630335998562e6 111.3822792
291252.8194009 4.6303367496108e6 104.7693017
291252.8273868 4.6303367346341e6 104.6242918
291252.5079555 4.6303373558578e6 105.7803023
291252.5072803 4.6303373570204e6 105.8143041
291251.9049989 4.6303385368196e6 106.2143204
291251.9057335 4.6303385356933e6 106.1483184
291252.9188594 4.6303365393609e6 107.9342991
291252.887821 4.6303366002408e6 107.9383146
291253.2686144 4.6303358517242e6 108.2272991
291253.2674697 4.6303358536504e6 108.2943021
291250.3857891 4.6303415263071e6 104.3883008
291250.3504773 4.6303415956766e6 104.3702967
291249.5249529 4.6303431998685e6 107.6242845
291249.5978718 4.6303430569362e6 107.5952771
291251.2216218 4.630339870292e6 107.7542774
291251.152877 4.6303400053257e6 107.7223046
291252.0098107 4.630338305936e6 111.5016711
291249.5106612 4.6303432326205e6 106.6373064
291249.4540532 4.6303433438223e6 106.609304
291251.8939522 4.6303385414253e6 109.7902879
291251.907281 4.6303385155503e6 109.7322953
291252.3697089 4.6303376251862e6 106.1823198
291252.3709304 4.6303376224558e6 106.2522771
291248.9382608 4.6303443664883e6 104.3772822
291248.9939068 4.6303442573127e6 104.3762868
291251.813543 4.6303386943002e6 110.8152665
291251.8444096 4.6303386337143e6 110.8202714
291253.2611883 4.6303358650153e6 108.495298
291253.2554337 4.6303358766356e6 108.4263017
291252.3367699 4.6303376722589e6 109.8603108
291252.3256204 4.6303376937052e6 109.9502982
291248.8353229 4.6303445685201e6 104.3642826
291248.8680133 4.6303445043655e6 104.367283
291251.8706397 4.6303385788587e6 111.5306697
291251.8987288 4.6303385238943e6 111.4996713
291252.8276287 4.6303367283412e6 105.8432748
291252.823014 4.6303367380589e6 105.7042656
291251.8948636 4.6303385428925e6 109.1082836
291251.8934801 4.6303385452633e6 109.1802672
291252.3255915 4.6303376917095e6 110.3802996
291252.3269523 4.6303376893833e6 110.308296
291250.4213598 4.6303414565966e6 104.3712942
291252.4091744 4.630337525601e6 110.8232775
291252.3494705 4.6303376427289e6 110.8262828
291248.0421093 4.6303461108245e6 107.3023109
291248.0422962 4.6303461105056e6 107.2923104
291252.4991491 4.6303373685066e6 106.7502966
291252.5108064 4.6303373453336e6 106.8132984
291252.5134135 4.6303373411301e6 106.6222915
291252.5133844 4.6303373411204e6 106.6362916
291252.3687 4.6303376248128e6 106.6752837
291252.3335805 4.6303376936283e6 106.6943192
291252.1562633 4.6303380320931e6 108.6722864
291252.2250895 4.6303378970047e6 108.682289
291249.1575218 4.6303439309261e6 105.5003321
291249.1991863 4.6303438493498e6 105.4643406
291252.4853356 4.6303373732142e6 111.4422641
291252.4373033 4.6303374671888e6 111.4982711
291248.9589299 4.6303443159684e6 106.4652781
291248.9588181 4.6303443158297e6 106.5402686
291253.0364932 4.6303362913052e6 111.5486636
291253.0670034 4.6303362315477e6 111.5266593
291251.9057257 4.630338536668e6 105.9473279
291251.8863006 4.6303385744661e6 106.0133253
291250.0905655 4.6303421057047e6 104.3562689
291249.7143079 4.6303428349639e6 106.2372998
291249.7151902 4.6303428329036e6 106.3062978
291251.9052026 4.6303385393745e6 105.5953281
291251.9061385 4.6303385378581e6 105.5283256
291252.5128677 4.6303373428501e6 106.4862925
291252.5122316 4.6303373440362e6 106.499294
291249.8448608 4.6303425723112e6 107.5992862
291249.7776183 4.6303427041826e6 107.6122798
291248.0483863 4.6303461083843e6 105.2333295
291248.0481644 4.6303461088673e6 105.22333
291252.5235462 4.6303372983144e6 111.4272611
291252.5751834 4.6303371971284e6 111.4002654
291249.4924728 4.6303432636153e6 107.6202835
291249.510693 4.6303432278425e6 107.6252792
291248.9618324 4.6303443048178e6 107.6082744
291248.991113 4.6303442474154e6 107.5982831
291252.828306 4.6303367310933e6 104.9882907
291252.8270876 4.6303367329636e6 105.0972939
291253.1935421 4.6303359882187e6 110.4902884
291253.1912357 4.6303359930637e6 110.4232938
291249.6944188 4.6303428761259e6 105.7892768
291249.7076809 4.6303428506442e6 105.6763043
291252.214886 4.6303379039845e6 111.4142719
291252.1838315 4.6303379649485e6 111.4072675
291249.2222503 4.6303437969423e6 106.963299
291249.2768808 4.6303436897495e6 106.9642961
291252.6207011 4.6303371263015e6 107.5282932
291252.6463272 4.630337076103e6 107.5112908
291251.7403141 4.6303388580787e6 106.6042922
291251.7503918 4.630338837628e6 106.7462881
291252.3340482 4.6303376799284e6 109.372306
291252.3267676 4.6303376937838e6 109.462304
291251.4134893 4.6303394757169e6 111.5506819
291251.4348255 4.6303394338942e6 111.54228
291252.0695199 4.6303381936825e6 110.4752928
291252.0289029 4.6303382733656e6 110.4773016
291252.2104376 4.6303379411027e6 105.4663052
291252.2699159 4.6303378244223e6 105.4622805
291251.1393276 4.6303400136419e6 111.5496789
291251.081132 4.6303401280251e6 111.5076903
291252.1626393 4.6303380367186e6 105.0823003
291252.2257616 4.6303379127593e6 105.1053068
291252.5115401 4.6303373471779e6 106.1253046
291252.509183 4.6303373519985e6 106.0843002
291251.7575914 4.6303388286951e6 105.6582974
291251.7568687 4.6303388308386e6 105.5062987
291249.3624335 4.6303435187116e6 107.6302799
291249.3085314 4.6303436246329e6 107.5962809
291248.0476296 4.6303461060838e6 106.0263337
291253.2472985 4.6303358900723e6 108.9552931
291253.2465551 4.6303358912016e6 109.0242951
291249.022331 4.6303441860398e6 107.6242873
291249.0524168 4.6303441270624e6 107.613284
291252.5103417 4.6303373490758e6 106.2202978
291248.8030398 4.630344631871e6 104.3622911
291252.2771081 4.6303378044255e6 106.6953066
291252.2215223 4.6303379135021e6 106.6923418
291252.3245048 4.6303376996745e6 109.1582986
291252.3275198 4.6303376936825e6 109.1743013
291251.7766028 4.6303387762868e6 108.8232805
291251.7775373 4.6303387747685e6 108.757278
291250.5573393 4.6303411560802e6 111.4353043
291250.5880787 4.6303410954556e6 111.5006997
291250.692254 4.6303409251498e6 104.3582752
291250.7537987 4.6303408043097e6 104.3762955
291249.1047621 4.6303440345389e6 105.4803404
291253.2704983 4.6303358486627e6 108.0942941
291253.2697592 4.630335849798e6 108.1602961
291251.1977635 4.6303399183155e6 107.5002947
291252.0968327 4.6303381468377e6 109.0622922
291252.0566496 4.630338225784e6 109.0402899
291253.2376989 4.630335906769e6 109.4032978
291253.2381769 4.6303359060172e6 109.3642965
291252.5105642 4.630337347699e6 106.4172979
291252.4168667 4.6303375208946e6 108.6472824
291252.4690599 4.6303374179875e6 108.7522857
291249.6533889 4.6303429510251e6 106.9632901
291249.5645999 4.6303431252483e6 106.9602861
291251.749943 4.6303388394058e6 106.5582986
291252.8213421 4.6303367336641e6 107.3122745
291252.8229232 4.6303367313684e6 107.1433001
291252.3662438 4.630337632954e6 105.9793176
291252.3692385 4.6303376269493e6 106.0063204
291251.9038504 4.6303385417125e6 105.6613316
291251.8808581 4.630338586228e6 105.7863279
291249.2255417 4.6303437992003e6 105.1372656
291249.1955542 4.6303438581613e6 105.1113084
291251.0190401 4.6303402840017e6 104.3532802
291252.6093948 4.630337129746e6 111.4542623
291249.1309833 4.630343972863e6 107.6232829
291249.1536808 4.6303439283054e6 107.6282877
291253.1931196 4.6303359900023e6 110.2902889
291253.1919429 4.6303359919148e6 110.373292
291249.332599 4.6303435876633e6 105.448316
291249.2590981 4.6303437318713e6 105.4493248
291248.2741493 4.6303456544375e6 107.5352871
291248.221159 4.6303457584455e6 107.527286
291252.8124896 4.6303367556201e6 106.3513032
291252.8176305 4.6303367461872e6 106.2143102
291252.3384411 4.6303376716338e6 109.3042951
291252.3267938 4.6303376948206e6 109.2342932
291251.7315216 4.6303388811484e6 105.3853
291252.4162175 4.6303375300535e6 106.9952891
291252.3882143 4.6303375850451e6 106.9852872
291249.6917233 4.6303428782214e6 106.4582854
291249.714029 4.6303428338216e6 106.5913015
291248.4746719 4.6303452762085e6 104.3492799
291248.4258924 4.6303453717924e6 104.3752886
291248.0426552 4.6303461091806e6 107.4223099
291252.3219857 4.6303377069559e6 108.6682833
291252.2774523 4.6303377941946e6 108.6972817
291253.2674132 4.6303358536181e6 108.3243023
291252.5095821 4.6303373521843e6 105.8813087
291250.5556986 4.6303411741388e6 108.3263291
291250.5784643 4.630341129099e6 108.404314
291252.0660797 4.630338198528e6 110.8742823
291252.1172834 4.6303380981399e6 110.8582777
291248.041606 4.6303461212153e6 105.3322763
291251.7176631 4.6303388788495e6 111.563672
291251.7840551 4.6303387485514e6 111.5706705
291252.3266659 4.6303376888523e6 110.5372774
291252.2698902 4.6303378003541e6 110.5152955
291250.5523284 4.6303411995958e6 104.3782956
291250.5935453 4.630341118707e6 104.3822954
291248.0524023 4.6303460970538e6 105.9562919
291248.052512 4.6303460976597e6 105.7842711
291249.0331228 4.6303441679825e6 106.9712991
291249.0742081 4.6303440875191e6 106.940269
291250.7824536 4.6303407481685e6 104.3592857
291250.5553857 4.630341173526e6 108.5833206
291250.5550799 4.6303411737872e6 108.6543416
291248.0448657 4.6303461101321e6 106.3143213
291251.7734173 4.6303387757211e6 110.2512725
291251.7737198 4.6303387743637e6 110.4112722
291251.0642262 4.6303401950385e6 104.4173004
291250.5743367 4.6303411290404e6 110.1133091
291250.5538595 4.6303411697715e6 109.9973185
291249.1064533 4.6303440299082e6 105.7553271
291249.1059843 4.6303440311577e6 105.686338
291248.0548172 4.630346088249e6 106.8082885
291248.043913 4.6303461092902e6 106.8823153
291252.338256 4.6303376920154e6 105.1103032
291252.3942628 4.6303375820173e6 105.133307
291249.5654513 4.6303431299689e6 105.6213201
291249.5644296 4.630343131458e6 105.7293129
291253.1828633 4.6303360039904e6 111.5756576
291253.1518 4.6303360649574e6 111.5716632
291249.4266735 4.6303434046307e6 105.1243062
291249.4001321 4.6303434568592e6 105.0923007
291252.3534663 4.6303376451988e6 108.6662867
291252.8263116 4.6303367281044e6 106.4342898
291252.7664501 4.630336840148e6 107.5672988
291252.7945306 4.6303367851718e6 107.5423004
291249.6781076 4.6303429149216e6 104.3662823
291249.6017292 4.6303430646893e6 104.3852982
291252.674942 4.6303370199066e6 107.5222912
291249.1499499 4.6303439387853e6 106.9662949
291249.1196703 4.6303439981478e6 106.9762986
291253.2785628 4.6303358337944e6 107.8942739
291253.2785483 4.6303358337895e6 107.901274
291250.5569205 4.6303411723189e6 108.2053158
291250.5565503 4.6303411736134e6 108.0863163
291252.1630637 4.6303380338763e6 105.5033205
291252.1917627 4.63033797772e6 105.4713206
291253.1851288 4.6303360010602e6 111.2582812
291253.1838057 4.630336003408e6 111.3102745
291251.9030528 4.6303385200232e6 110.5332779
291251.9788609 4.6303383712594e6 110.5383235
291252.3851963 4.6303375830574e6 108.6422894
291249.9461704 4.6303423889009e6 104.3803002
291249.8886844 4.6303425016533e6 104.3883001
291252.2993278 4.6303377382097e6 111.4342666
291252.3529848 4.6303376330272e6 111.414266
291252.3083174 4.6303377489665e6 105.4853271
291252.3706465 4.6303376266592e6 105.4883155
291252.7944789 4.6303367856313e6 107.4673003
291251.9796062 4.630338368313e6 110.8492726
291251.9522445 4.6303384221412e6 110.8192691
291249.1668419 4.6303439072031e6 106.6393028
291249.2314299 4.6303437805162e6 106.6312957
291251.6870039 4.6303389390236e6 111.5596665
291251.6421741 4.6303390270823e6 111.5386755
291248.0466861 4.6303461051333e6 106.6133277
291248.0462925 4.630346106335e6 106.5233284
291252.2827797 4.6303377932975e6 106.6953028
291250.4875297 4.6303413112696e6 107.6182729
291250.4577678 4.6303413697832e6 107.5933052
291248.0562541 4.6303460959592e6 104.6022885
291248.0739092 4.6303460608034e6 104.7102859
291252.9789961 4.6303364040575e6 111.5612635
291251.9196894 4.6303384892569e6 110.1402963
291251.9197054 4.6303384892638e6 110.1322962
291251.8959761 4.6303385510052e6 106.9512745
291251.960551 4.6303384243154e6 106.9492674
291251.7487761 4.6303388403159e6 106.8472923
291250.6223993 4.6303410281024e6 111.5036963
291249.6359788 4.6303429823638e6 107.5542842
291250.8678974 4.6303405805136e6 104.3612579
291250.9038719 4.630340509858e6 104.3763004
291251.9512473 4.6303384325797e6 109.0422863
291251.9816661 4.6303383727721e6 109.0682923
291252.5105888 4.6303373496889e6 105.9903065
291252.5105366 4.6303373496624e6 106.0173067
291253.1939638 4.6303359854485e6 110.8972886
291253.194655 4.6303359842928e6 110.8552868
291251.758206 4.6303388271457e6 105.7302661
291252.3671842 4.6303376314287e6 105.9123152
291248.1913831 4.6303458320268e6 104.351289
291248.217888 4.6303457798845e6 104.3802946
291252.3768159 4.6303376128506e6 105.8452915
291252.3724755 4.6303376216723e6 105.7812919
291253.1948687 4.6303359848902e6 110.6422856
291253.1925971 4.6303359897529e6 110.5572909
291252.1882394 4.630337967531e6 109.0542998
291251.5764892 4.6303391901655e6 104.3722941
291251.5458126 4.6303392503308e6 104.3772988
291249.1005094 4.6303440446491e6 105.1102996
291249.119442 4.6303440075071e6 105.1093036
291250.5520276 4.6303411722678e6 110.2273337
291250.5669185 4.630341143328e6 110.1693073
291251.7632831 4.6303387961395e6 110.1392768
291252.0326604 4.6303382643324e6 110.8252735
291249.0844905 4.6303440699886e6 106.3863124
291249.0747536 4.6303440888162e6 106.4442662
291249.7144708 4.6303428385392e6 105.421297
291249.7130215 4.6303428409103e6 105.5203008
291252.2789634 4.6303378083602e6 105.1083074
291250.5711413 4.6303411384078e6 109.4643149
291250.5757903 4.6303411287373e6 109.5793139
291252.3439228 4.6303376719044e6 106.9942949
291252.3244337 4.6303376936328e6 110.4533026
291253.1840214 4.6303360020522e6 111.5056646
291251.8921201 4.6303385414497e6 110.5383045
291249.8306159 4.6303426156202e6 104.3813014
291249.7861282 4.6303427030128e6 104.3592695
291251.8915867 4.6303385512836e6 108.6972804
291251.8368354 4.630338658871e6 108.6632835
291253.1962614 4.6303359806065e6 110.9672832
291253.1955179 4.6303359817358e6 111.0362852
291251.6071513 4.6303391299954e6 104.3742995
291251.6741952 4.6303389985328e6 104.3572964
291251.7585356 4.6303388261743e6 105.7982955
291252.2617121 4.6303378148537e6 110.8392763
291252.2930088 4.6303377534954e6 110.8292802
291251.9034272 4.6303385405383e6 106.0813238
291251.7315738 4.6303388811748e6 105.3583098
291251.7329215 4.6303388788457e6 105.2923063
291250.5395641 4.6303412092659e6 107.5992762
291249.3993765 4.6303434563797e6 105.5033338
291249.337526 4.6303435779965e6 105.4483141
291249.1917869 4.6303438567036e6 106.9653031
291249.7138003 4.6303428408e6 105.223298
291249.6981919 4.6303428708898e6 105.3353063
291252.3741131 4.6303376148601e6 106.5353301
291252.3654922 4.6303376320707e6 106.4733209
291249.2299235 4.6303437943929e6 104.3432625
291249.1675577 4.6303439166193e6 104.3722944
291252.4655501 4.6303374187644e6 110.0322781
291252.4664816 4.6303374172422e6 109.9682756
291252.6664418 4.630337017769e6 111.4642636
291252.6913019 4.630336968699e6 111.5256633
291252.5068621 4.6303373588099e6 105.6113045
291252.4998232 4.6303373723007e6 105.6783018
291249.239203 4.6303437605158e6 107.6262697
291249.278624 4.6303436831888e6 107.6222838
291252.3124739 4.6303377336899e6 106.9772914
291252.2785866 4.6303378002599e6 106.9602838
291252.8076353 4.6303367748484e6 104.318269
291252.7371353 4.6303369131208e6 104.3292605
291249.4569963 4.6303433333796e6 107.5872797
291251.5189232 4.6303392684491e6 111.6346757
291251.57146 4.6303391657271e6 111.5596776
291251.7731914 4.6303387741213e6 110.6792743
291248.0402357 4.6303461174027e6 106.6943037
291253.1937574 4.6303359868321e6 110.6922885
291252.5084264 4.6303373550962e6 105.7463011
291250.5742059 4.6303411410055e6 107.6603021
291251.7745334 4.6303387767577e6 109.5752777
291251.7703098 4.6303387846486e6 109.6582783
291252.824469 4.6303367412756e6 104.4322683
291248.6705794 4.630344876143e6 107.635283
291248.6066544 4.6303450017869e6 107.5892884
291253.2454075 4.6303358931239e6 109.0932981
291253.2444628 4.6303358946433e6 109.1633006
291249.7109864 4.6303428409129e6 106.3562982
291248.1536063 4.6303458906631e6 107.5952805
291248.0943034 4.6303460070089e6 107.5972848
291250.3019287 4.6303416753999e6 107.6242944
291250.2447199 4.6303417876849e6 107.6162935
291252.8641585 4.6303366296261e6 111.5086627
291252.8933819 4.6303365722359e6 111.5196617
291249.6949526 4.6303428739952e6 106.0162762
291249.6901003 4.6303428829763e6 106.1292684
291248.0459148 4.6303461036921e6 107.2323214
291248.0440044 4.6303461077936e6 107.1583259
291251.932279 4.6303384920677e6 104.3762986
291251.9873163 4.6303383841008e6 104.3722947
291249.4247867 4.6303434011683e6 106.6253053
291252.3678222 4.6303376282437e6 106.3173148
291251.7529412 4.6303388209269e6 109.1972892
291251.772193 4.6303387825717e6 109.3192827
291251.4702632 4.6303393986776e6 104.3532625
291252.2682733 4.6303377991737e6 111.4272621
291251.4150362 4.6303395069594e6 104.3692869
291248.07275 4.6303460627247e6 104.7842889
291250.5641514 4.6303411439602e6 111.174307
291250.5506368 4.6303411711258e6 111.0383195
291252.0499456 4.6303382389474e6 109.0382862
291249.567867 4.6303431202556e6 106.6632973
291250.5551113 4.6303411718593e6 109.0453227
291250.570147 4.6303411429217e6 108.9273157
291252.729401 4.6303369111888e6 107.9132799
291252.758476 4.6303368542615e6 107.8882691
291252.1348211 4.630338089266e6 105.5083092
291252.8281666 4.630336728627e6 105.5622627
291252.8237764 4.6303367372741e6 105.5553033
291251.9241548 4.6303384840038e6 109.4052933
291251.9226627 4.630338487256e6 109.3372967
291251.9209403 4.6303384805022e6 111.4602672
291249.1610557 4.6303439138975e6 107.6152798
291250.5715759 4.6303411376265e6 109.4493138
291250.554613 4.6303411715673e6 109.3113347
291253.1930153 4.6303359879634e6 110.7602905
291248.9418183 4.6303443551934e6 105.2813062
291248.9876355 4.6303442661138e6 105.1103042
291252.4655341 4.6303374187576e6 110.0402781
291252.8246434 4.6303367337068e6 105.9463024
291252.8241756 4.6303367344576e6 105.9813036
291251.8455847 4.630338627827e6 111.5706708
291248.1605002 4.6303458927115e6 104.3322641
291252.1051209 4.6303381530048e6 104.3632881
291252.1634058 4.6303380386991e6 104.3522763
291252.2333042 4.6303378706678e6 110.8232754
291252.1796232 4.630337975802e6 110.8632761
291251.9859053 4.6303383529848e6 111.4712691
291252.8238679 4.6303367298491e6 107.0732976
291249.5636626 4.630343134056e6 105.5003241
291249.5529888 4.6303431552324e6 105.4513399
291251.7458571 4.630338853809e6 105.2203046
291251.8264872 4.6303386961286e6 105.1113081
291248.0475243 4.6303461104573e6 105.1533314
291249.2805044 4.6303436950882e6 104.3562895
291252.565926 4.6303372489279e6 104.3532871
291252.6268784 4.6303371293646e6 104.3472988
291250.1291603 4.6303420298935e6 104.3742951
291253.2207933 4.6303359368313e6 110.0542908
291253.2196355 4.6303359387546e6 110.1272939
291251.7577964 4.6303388273095e6 105.8642975
291249.9747473 4.630342317338e6 107.6262803
291250.0782947 4.6303421141439e6 107.6322784
291252.2231175 4.6303379216274e6 104.334261
291252.276739 4.630337816381e6 104.3422705
291251.7731369 4.6303387770635e6 110.0852726
291251.7731483 4.6303387770793e6 110.0772726
291249.6021624 4.6303430603883e6 105.1082993
291249.6232822 4.6303430190409e6 105.0892978
291250.567161 4.63034114395e6 109.939306
291250.8159182 4.6303406823658e6 104.3892944
291248.7991679 4.6303446239312e6 107.6172901
291248.8432827 4.6303445374806e6 107.5952928
291251.588267 4.6303391670522e6 104.3732955
291252.4720503 4.6303374040012e6 110.4532835
291252.4648173 4.6303374178919e6 110.5162813
291251.8406673 4.6303386592806e6 107.0022892
291251.7864875 4.6303387656989e6 106.978291
291252.8253071 4.6303367285861e6 106.7462931
291252.8238891 4.6303367318646e6 106.6422963
291248.0383759 4.6303461225746e6 106.3752772
291248.0460248 4.6303461071945e6 106.4533289
291252.4597456 4.6303374293608e6 110.1982827
291252.4676016 4.630337414281e6 110.1282833
291249.5429141 4.6303431677875e6 106.9622989
291249.4961872 4.6303432594203e6 106.9722926
291253.2180814 4.6303359424673e6 109.9882972
291253.2266052 4.63033592623e6 109.8862962
291251.751039 4.630338824979e6 109.1302836
291252.3685487 4.630337628107e6 106.0473222
291252.2221277 4.6303379110304e6 106.9612911
291249.311943 4.6303436344256e6 104.1422624
291249.747817 4.6303427627784e6 107.5862823
291250.558059 4.63034115789e6 110.7603106
291250.5650234 4.6303411443877e6 110.7263135
291251.9215587 4.6303384861906e6 110.0143014
291252.4713663 4.6303374131424e6 108.8192903
291252.3108254 4.6303377494634e6 104.3502676
291251.5017849 4.6303393023759e6 111.5716772
291251.9590289 4.6303384285573e6 106.6862604
291252.0241521 4.6303383009394e6 106.6533118
291252.3694891 4.6303376235794e6 106.6093216
291252.8262034 4.6303367299872e6 106.084309
291250.5503122 4.6303411705121e6 111.300311
291252.4706552 4.6303374103134e6 109.7042847
291252.468562 4.6303374147545e6 109.6342795
291249.5666415 4.6303431265739e6 105.8433179
291250.3210182 4.6303416534245e6 104.3812983
291251.8874217 4.6303385765861e6 105.1083099
291252.8274607 4.6303367357063e6 104.3692809
291249.4990016 4.6303432627955e6 105.1083002
291249.4557535 4.6303433476648e6 105.1053054
291251.7101138 4.6303389279822e6 104.3732991
291250.8777161 4.6303405268183e6 111.5746854
291250.8195785 4.6303406412359e6 111.5016866
291252.0655624 4.630338210249e6 108.631287
291252.1246175 4.6303380942746e6 108.6532834
291252.8348799 4.6303366870008e6 111.523664
291252.8064899 4.6303367427942e6 111.504663
291249.9171878 4.6303424304591e6 107.5872902
291249.9445169 4.6303423766469e6 107.6272839
291248.0519356 4.6303460989433e6 105.7522824
291252.8295682 4.6303367145453e6 107.9363363
291251.8790477 4.6303385862671e6 106.5223445
291251.8861303 4.6303385719269e6 106.6153075
291252.7209816 4.6303369105423e6 111.509661
291248.0591007 4.6303460909181e6 104.4882812
291253.2750882 4.6303358399722e6 108.0282928
291251.9008351 4.6303385427459e6 106.6843219
291249.8574145 4.6303425631547e6 104.3572661
291249.6966513 4.6303428712398e6 105.8952717
291249.1028409 4.6303440366999e6 105.8173261
291249.1071974 4.6303440277942e6 105.8923257
291253.1047086 4.6303361748294e6 107.9102869
291253.0509198 4.6303362804519e6 107.8922777
291248.9422298 4.6303443519088e6 105.8003067
291248.9342482 4.6303443679223e6 105.7263059
291252.0222922 4.630338303109e6 106.9632873
291251.9918259 4.6303383628664e6 106.9672914
291252.1987615 4.6303379693293e6 104.3522903
291249.101725 4.6303440365886e6 106.2993202
291249.0972847 4.6303440458641e6 106.1813207
291248.9416826 4.63034435114e6 106.1862992
291248.9353843 4.6303443629821e6 106.2943049
291252.508436 4.6303373541085e6 105.9493016
291253.1183743 4.6303361307379e6 111.5302644
291251.9131851 4.6303385009972e6 110.3543027
291251.918337 4.6303384905788e6 110.4193004
291253.1895611 4.6303359927743e6 111.1722801
291253.1939237 4.6303359844532e6 111.1222794
291248.2762117 4.6303456654502e6 104.3802928
291248.3038947 4.6303456113065e6 104.3442853
291249.6811915 4.6303429054006e6 105.093297
291249.6308483 4.6303430042292e6 105.0822994
291252.0281757 4.6303382815225e6 109.0672892
291249.7056979 4.6303428551461e6 105.5482987
291248.0502696 4.6303461033813e6 105.5073157
291248.0453357 4.6303461133721e6 105.4423276
291251.7491725 4.6303388434999e6 106.0172989
291251.7564474 4.6303388296367e6 105.931301
291251.7557552 4.6303388298207e6 106.1772934
291251.7410232 4.6303388579332e6 106.3432997
291248.053905 4.6303460864016e6 107.570293
291251.9403965 4.6303384650815e6 106.6933057
291252.4652887 4.6303374181316e6 110.2722794
291248.561984 4.630345104864e6 104.3562875
291248.6204454 4.6303449900736e6 104.3742853
291252.4920428 4.6303373894708e6 105.2792895
291252.423147 4.6303375254642e6 105.1083066
291253.2667291 4.6303358547837e6 108.3612941
291248.9478623 4.6303443397262e6 106.0373037
291249.3079732 4.6303436287922e6 106.9543004
291249.3475425 4.6303435510932e6 106.9672942
291252.1070438 4.6303381438714e6 105.4863167
291252.1425277 4.6303380487955e6 110.8192662
291252.1765777 4.6303379817823e6 110.8622735
291249.058522 4.6303441270545e6 105.1053018
291249.0757692 4.6303440813295e6 107.5952872
291249.448166 4.6303433609005e6 105.4512949
291252.0567951 4.6303382442856e6 105.1043079
291252.1056967 4.630338148233e6 105.126309
291251.7745532 4.6303387757691e6 109.7742783
291252.1341591 4.6303380924788e6 105.1072997
291250.5534322 4.6303411685766e6 110.4233108
291250.5541332 4.6303411664184e6 110.5873096
291252.1480438 4.6303380393183e6 110.5373319
291252.2229648 4.6303378923957e6 110.5212996
291252.4996093 4.6303373736892e6 105.4753117
291252.5082126 4.6303373564847e6 105.543311
291251.887686 4.6303385743876e6 105.4602703
291251.920395 4.6303385102585e6 105.4502607
291252.3267647 4.6303376907776e6 110.0933059
291252.3244654 4.6303376956325e6 110.0213012
291252.4893401 4.6303373942249e6 105.3942665
291249.3982643 4.6303434485101e6 107.6092827
291248.505111 4.6303452164137e6 104.3642859
291249.7112121 4.6303428500786e6 104.3432617
291250.763422 4.6303407511794e6 111.5516833
291250.7347304 4.6303408073306e6 111.5816832
291251.9208975 4.6303384863567e6 110.2513037
291247.9832849 4.6303462249332e6 107.5763348
291248.014497 4.6303461636555e6 107.5842789
291249.1082798 4.6303440330451e6 104.3472785
291249.0808264 4.6303440867621e6 104.3782854
291251.2139649 4.630339901415e6 104.3812961
291251.1827134 4.630339962775e6 104.3723021
291252.4796417 4.6303374058123e6 106.9532747
291252.4690778 4.6303374159955e6 109.1622869
291252.4739345 4.6303374069294e6 109.0652848
291252.0835426 4.6303381842594e6 106.6852775
291250.6648297 4.6303409789674e6 104.3562619
291252.0872689 4.6303381755926e6 106.9692892
291252.1532627 4.6303380460805e6 106.9752887
291252.5114865 4.6303373471495e6 106.1533048
291252.0368519 4.6303382663895e6 108.6712869
291249.5420598 4.6303431783319e6 105.1043055
291251.2415699 4.6303398472094e6 104.3902989
291251.6171631 4.6303390760809e6 111.5542764
291253.2384438 4.6303359056416e6 109.3332958
291251.7674372 4.6303387931868e6 109.0502835
291251.777563 4.6303387737729e6 108.9552785
291251.9079949 4.6303385134098e6 109.887294
291252.4116918 4.6303375173923e6 111.5082634
291252.0226674 4.6303383112221e6 105.1093009
291253.1933043 4.630335988604e6 110.507289
291248.9299758 4.6303443673459e6 107.6032819
291252.4697249 4.6303374138237e6 109.3512859
291252.454894 4.6303374434526e6 109.2402716
291251.895807 4.6303385413563e6 109.0422911
291252.6879987 4.6303369924893e6 107.8992806
291249.3705838 4.6303435026726e6 107.6402801
291250.5806189 4.6303411246665e6 108.4473088
291250.7917126 4.6303406958101e6 111.5226844
291249.4045724 4.6303434517079e6 104.3462677
291249.3539423 4.6303435509753e6 104.3612809
291252.2979124 4.6303377524088e6 109.0412929
291252.2942462 4.6303377596116e6 109.0392818
291252.1381784 4.6303380770132e6 106.6952946
291252.1924379 4.630337970553e6 106.6953126
291253.2473145 4.6303358900791e6 108.947293
291250.6378091 4.6303410318399e6 104.3862877
291253.0043547 4.6303363716099e6 107.9352911
291250.3648842 4.630341551878e6 107.6242912
291251.8681303 4.6303386055161e6 106.9772924
291248.6724345 4.6303448880682e6 104.3742888
291248.7037051 4.6303448267042e6 104.3762928
291252.4690783 4.6303374169969e6 108.9522863
291249.7111842 4.6303428384104e6 106.7992991
291249.6828339 4.6303428933336e6 106.9462685
291252.5081735 4.6303373564612e6 105.5643111
291252.5124626 4.6303373426712e6 106.690294
291252.6563083 4.6303370546246e6 107.9082877
291248.0755315 4.6303460566084e6 104.9222926
291248.9440021 4.6303443493001e6 105.6183019
291248.9606111 4.6303443173283e6 105.4892711
291252.254047 4.630337838475e6 109.0412896
291251.2536337 4.6303397892974e6 111.5642808
291251.2223392 4.6303398506587e6 111.572677
291252.0561896 4.6303382365528e6 106.9732849
291253.2607537 4.6303358657966e6 108.5102991
291253.2591163 4.6303358684698e6 108.6233034
291250.1393723 4.6303419945257e6 107.5862897
291250.1829399 4.630341908853e6 107.6262839
291253.2433093 4.6303358965725e6 109.2332936
291249.022766 4.6303442007705e6 104.3592766
291248.0541137 4.6303460955288e6 105.5722866
291251.8944182 4.6303385416423e6 109.553296
291248.9603205 4.6303443160942e6 105.8672729
291248.9601839 4.6303443160425e6 105.9342635
291252.4676466 4.6303374153287e6 109.8902725
291252.4648839 4.6303374209402e6 109.8502791
291252.1145575 4.6303381008153e6 111.418266
291252.9225136 4.6303365148105e6 111.575661
291248.0489412 4.6303460987469e6 107.0243135
291248.0445641 4.6303461080033e6 106.8843237
291249.5235554 4.6303432130157e6 105.4443215
291251.8933372 4.6303385376823e6 110.8272724
291252.0481559 4.6303382593937e6 105.49032
291249.6896196 4.6303428812227e6 106.6942712
291251.9234033 4.6303384861227e6 109.2702947
291251.9229231 4.6303384899193e6 108.6722841
291251.950996 4.6303384349629e6 108.6462857
291252.8293224 4.6303367296576e6 104.8712778
291252.8266777 4.6303367347797e6 104.8852943
291249.5723973 4.6303431136057e6 106.1942749
291249.5717126 4.630343115665e6 106.0442961
291251.0304704 4.6303402272036e6 111.5542837
291252.8258565 4.6303367328301e6 105.6312985
291250.5546774 4.6303411736271e6 108.8533332
291248.0762807 4.630346055487e6 104.8492905
291253.134579 4.6303361162984e6 107.8942742
291253.1928593 4.6303360019256e6 107.8992724
291252.020109 4.6303383143707e6 105.5013183
291252.0085372 4.6303383218014e6 108.7012659
291248.3893086 4.6303454435193e6 104.3862876
291252.229275 4.6303378870598e6 109.0452999
291252.3667114 4.6303376341892e6 105.5283152
291249.1405034 4.6303439590286e6 106.6083068
291252.6151348 4.6303371355428e6 107.8802878
291252.5917904 4.6303371818327e6 107.7782943
291248.7293129 4.6303447610145e6 107.6122901
291251.7748362 4.6303387714431e6 110.5642699
291249.5446633 4.6303431766556e6 104.385297
291252.4664926 4.6303374182277e6 109.7572849
291248.0474849 4.6303461064154e6 106.016334
291252.7996461 4.630336785211e6 105.4313017
291252.8052009 4.6303367739828e6 105.5003084
291250.4753034 4.6303413505655e6 104.4113031
291250.5216787 4.6303412598133e6 104.3612801
291249.5681336 4.6303431213505e6 106.3243056
291253.2321755 4.6303359170095e6 109.5282916
291251.906869 4.6303385347399e6 105.8813249
291253.2205954 4.6303359382267e6 109.8432907
291250.5493902 4.6303411719869e6 111.3703335
291252.7982928 4.6303367786016e6 107.3722907
291251.8350375 4.6303386829754e6 104.3522851
291251.8047641 4.630338742316e6 104.3642988
291249.3282053 4.6303435978975e6 105.1103057
291253.1851636 4.6303360010778e6 111.240281
291249.2577449 4.6303437345263e6 105.4493381
291252.8206347 4.6303367372237e6 106.8572948
291252.367404 4.6303376300332e6 106.1143152
291250.1927388 4.6303419051825e6 104.3673004
291250.5538292 4.6303411707761e6 109.799308
291252.5101244 4.6303373584805e6 104.3393028
291253.2186934 4.6303359402928e6 110.1922864
291252.5959787 4.6303371739538e6 107.7072839
291252.4666969 4.6303374148245e6 110.3862863
291248.1762505 4.6303458464869e6 107.5422853
291248.1030384 4.6303460054214e6 104.3392739
291251.755526 4.6303388291867e6 106.4042946
291252.3295904 4.6303376902261e6 109.0472959
291252.1012253 4.6303381315225e6 110.4652956
291249.7556545 4.6303427627752e6 104.3652637
291251.6019191 4.6303391059598e6 111.5606735
291251.9868509 4.6303383797299e6 105.4793291
291252.3258095 4.6303376923128e6 110.1642984
291248.3692966 4.6303454675148e6 107.5852858
291248.4449448 4.6303453189553e6 107.6132818
291249.0923557 4.6303440534205e6 106.624314
291251.8825869 4.6303385796476e6 106.4543156
291248.8860251 4.6303444689729e6 104.3782893
291253.2212583 4.6303359360766e6 110.0212896
291252.444886 4.6303374738855e6 106.9782893
291250.6780988 4.6303409184849e6 111.573291
291250.6505807 4.6303409727041e6 111.5256978
291252.5115127 4.6303373451841e6 106.5542959
291253.2479011 4.6303358939497e6 107.8952785
291251.9014016 4.6303385527752e6 104.3502636
291251.772546 4.6303387762802e6 110.4922753
291250.5533922 4.6303411719483e6 109.7333389
291250.5533316 4.6303411724108e6 109.6613388
291251.9112469 4.6303385090482e6 109.4642948
291252.8277595 4.6303367307956e6 105.2752928
291252.8273017 4.6303367315602e6 105.303294
291250.4196008 4.6303414446976e6 107.587298
291251.7750308 4.6303387740158e6 109.9452776
291248.9416029 4.6303443491198e6 106.6423008
291248.0737875 4.6303460623643e6 104.4332854
291248.0743632 4.6303460615498e6 104.3672838
291251.7710683 4.6303388084674e6 104.3562907
291251.7405729 4.630338868215e6 104.374295
291252.3655421 4.6303376360968e6 105.6093183
291249.1687971 4.6303439106841e6 105.1063035
291250.7056551 4.6303408642728e6 111.603694
291252.4638579 4.6303374194212e6 110.5902838
291251.0987857 4.6303401273168e6 104.3992963
291251.9903632 4.6303383781225e6 104.3722873
291252.4596416 4.6303374273071e6 110.6712843
291250.5506972 4.6303411717853e6 110.8752888
291252.3629784 4.6303376373275e6 106.4053168
291253.2528162 4.6303358798239e6 108.8342993
291253.2540348 4.6303358779388e6 108.728296
291250.5823248 4.6303411245746e6 107.7653027
291252.8224368 4.6303367331247e6 106.9753008
291252.8229614 4.6303367323914e6 106.9132993
291252.3384456 4.6303376696537e6 109.7172963
291252.3337682 4.63033767927e6 109.6253074
291249.1076803 4.6303440261545e6 106.0373249
291249.1118256 4.6303440176251e6 106.1203251
291249.4303227 4.6303434009981e6 104.3852952
291253.1916603 4.6303359902975e6 110.828284
291252.7047609 4.6303369613047e6 107.5422988
291248.5532087 4.6303451065022e6 107.6202785
291251.2667323 4.6303397823317e6 107.6392873
291249.0181275 4.6303441973851e6 106.9752956
291249.9727823 4.6303423368302e6 104.3502654
291249.2849832 4.6303436827875e6 105.0923008
291249.6879533 4.6303428804443e6 107.5422878
291252.960686 4.630336457295e6 107.9342873
291248.3264817 4.6303455516009e6 107.5682899
291252.3355854 4.6303376761773e6 109.5263027
291249.5707235 4.6303431152431e6 106.53928
291248.7352176 4.6303447649608e6 104.3582861
291248.7669054 4.6303447028067e6 104.354289
291252.0490564 4.6303382629537e6 104.3742945
291249.3804816 4.6303434880543e6 106.6342931
291248.8968579 4.6303444322917e6 107.6102825
291251.3008928 4.6303397308911e6 104.3742946
291250.5722676 4.6303411374722e6 109.1973214
291250.573224 4.6303411359537e6 109.1223188
291251.8759952 4.6303385932538e6 106.3133413
291251.0243978 4.6303402391593e6 111.5456884
291252.7502443 4.6303368531607e6 111.5026698
291250.1626736 4.6303419641578e6 104.3702935
291252.4532177 4.6303374451473e6 109.5742667
291252.4685208 4.6303374157136e6 109.4502891
291249.4875829 4.6303432886171e6 104.3922959
291251.9807715 4.6303383916914e6 105.4723239
291248.3333095 4.6303455534976e6 104.3642938
291250.5557173 4.6303411647182e6 110.2923149
291251.2724172 4.6303397866424e6 104.3992939
291252.7127732 4.6303369608296e6 104.3482898
291252.3246531 4.6303376942381e6 110.2363014
291252.0738589 4.6303382144715e6 104.3362641
291250.5561581 4.630341174908e6 107.976317
291252.684347 4.6303370166034e6 104.348289
291249.394904 4.6303434582723e6 106.9452989
291249.460647 4.6303433291425e6 106.9742991
291248.9455175 4.6303443410764e6 106.7183015
291248.0453404 4.6303461053727e6 107.1163225
291251.1246129 4.6303400768191e6 104.3622734
291248.9385448 4.630344361072e6 105.3953045
291249.2890851 4.63034366736e6 106.6382954
291249.3451443 4.6303435573736e6 106.637299
291249.5712561 4.6303431145512e6 106.4652685
291251.1555261 4.6303400162518e6 104.3442781
291251.776407 4.6303387736973e6 109.4462828
291252.3636305 4.6303376458523e6 104.3512692
291250.5603483 4.6303411670015e6 107.9103166
291249.095702 4.630344050053e6 105.9543238
291252.3708895 4.6303376252804e6 105.6773154
291252.3653086 4.630337636488e6 105.6233189
291248.0529474 4.6303460973495e6 105.6702797
291250.9335388 4.630340417234e6 111.5866796
291249.5688475 4.6303431216967e6 105.9583128
291253.2189616 4.6303359399192e6 110.1602956
291251.9794047 4.6303383960866e6 105.1133061
291248.4781181 4.6303452539342e6 107.5992811
291251.1384694 4.6303419704996e6 111.8268271
291251.1220442 4.6303419623052e6 111.8207952
291250.8180212 4.630341817462e6 111.982908
291250.8290475 4.6303418230016e6 111.9885041
291251.1989952 4.6303420064043e6 112.077802
291251.2091869 4.6303420109696e6 112.0607412
291251.1560809 4.6303419792748e6 111.8328486
291251.2703294 4.6303420383595e6 111.9584269
291251.2532708 4.6303420306334e6 111.9835876
291251.2537363 4.6303420279983e6 111.8688653
291251.2666134 4.6303420343571e6 111.8709726
291251.1306184 4.6303419731933e6 112.0888262
291251.1178033 4.6303419667922e6 112.0838119
291251.0019506 4.6303419024939e6 111.7808053
291251.0203941 4.6303419116517e6 111.7858332
291250.7234185 4.6303417637474e6 111.6869891
291250.7101452 4.6303417571438e6 111.6828493
291250.575651 4.6303416885532e6 111.5736626
291250.5746125 4.6303416896831e6 111.6393206
291251.0552402 4.6303419290179e6 111.7978954
291251.0432103 4.6303419230253e6 111.7938424
291251.2973821 4.6303420497227e6 111.8828822
291251.2897914 4.6303420459312e6 111.8799146
291250.6399665 4.630341725966e6 111.8107066
291250.676652 4.6303417427529e6 111.7634583
291250.8952966 4.6303418559045e6 112.0068863
291250.9052933 4.6303418609001e6 112.0108927
291250.6404531 4.6303417209629e6 111.6006797
291250.696487 4.6303417489545e6 111.6227265
291250.9355459 4.6303418693763e6 111.7568739
291250.9287209 4.6303418659827e6 111.7548185
291250.8428248 4.6303418299099e6 111.9949613
291250.774188 4.6303417890564e6 111.7048485
291250.7801023 4.6303417920737e6 111.7096937
291251.2736868 4.630342039885e6 111.9536698
291251.2859086 4.630342045472e6 111.9377071
291251.2315809 4.6303420211112e6 112.0276686
291251.2421598 4.630342025917e6 112.0126408
291251.1729205 4.6303419876729e6 111.8389094
291251.1593049 4.6303419808795e6 111.8338859
291250.828629 4.6303418161662e6 111.7228211
291250.8390203 4.6303418213544e6 111.7267974
291251.242178 4.6303420258759e6 112.0106372
291251.2766042 4.6303420393237e6 111.873928
291251.0632792 4.6303419396615e6 112.0666345
291251.0477177 4.6303419319192e6 112.0617702
291250.971215 4.6303418871208e6 111.7679429
291250.9835297 4.6303418933221e6 111.774775
291250.7028173 4.6303417536763e6 111.6877085
291250.8496003 4.6303418332757e6 111.9968689
291251.097025 4.6303419563927e6 112.0748477
291251.1074256 4.6303419615857e6 112.0788336
291250.9344568 4.6303418754541e6 112.0217826
291250.9264662 4.6303418714921e6 112.0198267
291251.1555229 4.630341985441e6 112.0908814
291250.6070555 4.630341708739e6 111.7662439
291250.2206041 4.6303415199238e6 111.7839246
291250.2442228 4.6303415317569e6 111.7945964
291250.684065 4.6303417488112e6 111.8607471
291250.6960371 4.6303417553245e6 111.8868016
291251.1767153 4.6303419960437e6 112.0998645
291251.1879027 4.6303420016472e6 112.1048616
291250.8606216 4.6303418321321e6 111.7347684
291250.8486115 4.6303418261507e6 111.7307744
291250.5866824 4.6303416956053e6 111.6397669
291250.5819814 4.6303416949748e6 111.7067529
291250.7909034 4.6303417974883e6 111.7147005
291250.8122568 4.6303418079754e6 111.7158953
291250.3474588 4.6303415787938e6 111.6535196
291250.3021335 4.6303415576753e6 111.6967423
291250.7587079 4.6303417879881e6 111.9658145
291250.7507312 4.6303417840081e6 111.9628666
291250.7535153 4.6303417786638e6 111.6940866
291250.7639066 4.6303417838519e6 111.6980629
291250.9953613 4.6303419057576e6 112.0408877
291251.0061475 4.6303419111387e6 112.0448439
291251.2869908 4.6303420445345e6 111.8789059
291250.6973509 4.6303417567936e6 111.9198876
291250.6970415 4.6303417563666e6 111.9088491
291250.8737139 4.6303418450861e6 111.9969218
291250.8836997 4.6303418500749e6 112.0008687
291251.0858379 4.6303419507896e6 112.0698606
291250.5856565 4.6303416985443e6 111.7776678
291250.8072197 4.6303418120471e6 111.9778912
291251.1808926 4.6303419916756e6 111.8428588
291250.240463 4.6303415280997e6 111.7218334
291251.0185542 4.6303419173652e6 112.0508803
291250.9849746 4.6303419005467e6 112.0359099
291250.972577 4.6303418943246e6 112.029873
291250.8194331 4.6303418115632e6 111.7188339
291250.9539894 4.6303418785342e6 111.7619017
291251.1651184 4.6303419902142e6 112.0938469
291250.6967324 4.63034175594e6 111.8978205
291250.6787635 4.6303417435636e6 111.7545093
291250.3540153 4.6303415839072e6 111.7297547
291250.3636957 4.630341587463e6 111.6822705
291250.7107666 4.6303417640395e6 111.9469699
291250.7191382 4.6303417682124e6 111.9498977
291250.91913 4.6303418611867e6 111.7508515
291250.9087384 4.6303418559982e6 111.7468652
291250.9571887 4.6303418867551e6 112.0285344
291250.9532287 4.6303418848195e6 112.0286862
291251.2205798 4.6303420161493e6 112.0447206
291250.6953418 4.630341748183e6 111.6142838
291251.0847802 4.6303419438054e6 111.8107587
291251.0751893 4.6303419390095e6 111.8067917
291250.7779557 4.6303417976937e6 111.9770094
291250.5576209 4.630341686841e6 111.8588698
291250.5693364 4.6303416934686e6 111.8945398
291251.1904406 4.630342002591e6 112.0928769
291250.636866 4.6303417211783e6 111.6797046
291250.4781378 4.6303416456567e6 111.7683477
291250.4376193 4.6303416246238e6 111.720668
291250.4052732 4.6303416072848e6 111.6606364
291250.7447199 4.6303417742824e6 111.6911204
291250.8702038 4.630341836924e6 111.7387458
291250.8995044 4.630341851425e6 111.7448225
291250.6119174 4.6303417142811e6 111.8929106
291251.1912839 4.6303419968637e6 111.8468351
291250.6838281 4.6303417452503e6 111.7227103
291250.6972768 4.6303417487163e6 111.5976838
291250.7307488 4.6303417740236e6 111.9549133
291251.0365914 4.6303419264517e6 112.0610255
291251.0951718 4.630341948994e6 111.814745
291250.8798655 4.6303418416821e6 111.7398055
291250.9180945 4.6303418673192e6 112.016899
291251.213681 4.6303420080564e6 111.8558169
291251.2032897 4.6303420028682e6 111.8518406
291251.2357073 4.6303420190442e6 111.8638663
291251.2244821 4.630342013471e6 111.8608237
291251.0640022 4.6303419334064e6 111.8018045
291250.7431464 4.6303417802457e6 111.9609502
291250.4696176 4.6303416417444e6 111.7787748
291251.2998166 4.6303420516592e6 111.9127069
291251.3084601 4.630342055214e6 111.8855318
291251.1020104 4.6303419523693e6 111.8157983
291251.3048003 4.6303420537007e6 111.8967125
291251.2184817 4.6303420104575e6 111.8578252
291251.3081687 4.6303420551042e6 111.8868483
291250.5028291 4.6303416594086e6 111.8348573
291249.6770843 4.6303469187274e6 104.3063024
291249.7316382 4.6303469460237e6 104.3183038
291250.242964 4.6303472003509e6 108.4222935
291250.1801783 4.6303471689389e6 108.4002958
291249.4222383 4.6303467898214e6 107.9122998
291249.5146276 4.6303468360361e6 107.9663
291248.8759358 4.6303465164285e6 107.9163047
291248.7451523 4.6303464509972e6 107.8693054
291250.0537937 4.6303471057082e6 108.3552998
291250.1141823 4.6303471359202e6 108.3783056
291249.6504479 4.6303469053933e6 104.3173021
291248.1431948 4.6303461509131e6 104.8202971
291248.1403824 4.630346149532e6 104.751305
291251.0319336 4.6303475954212e6 107.7943027
291251.0035498 4.6303475811872e6 107.8723012
291249.3514514 4.6303467543922e6 107.924296
291251.440029 4.630347800249e6 106.2143023
291251.4526658 4.6303478065661e6 106.2323019
291250.0851761 4.6303471229606e6 104.2853024
291249.958797 4.6303470597147e6 104.2873064
291248.1192411 4.6303461388171e6 105.106299
291248.1292563 4.6303461437762e6 105.2452967
291248.195164 4.6303461759602e6 107.3462974
291248.1955751 4.6303461761359e6 107.4252977
291248.1507491 4.6303461538108e6 107.1423035
291248.1247344 4.6303461408365e6 107.0253038
291248.1179157 4.6303461374728e6 106.8972985
291251.6872139 4.6303479238527e6 106.4703002
291251.6884074 4.6303479244759e6 106.4023011
291251.0422074 4.6303476018903e6 104.3022995
291250.9766137 4.630347569073e6 104.2802997
291251.6870646 4.6303479237578e6 106.5233001
291251.6876301 4.6303479240351e6 106.5383006
291251.6933766 4.6303479275424e6 104.8773044
291251.453669 4.6303478075696e6 104.9133023
291249.7106141 4.6303469340542e6 108.127299
291249.0571117 4.630346607071e6 107.9823024
291248.9391252 4.6303465480438e6 107.9353028
291251.4205275 4.6303477902528e6 106.8372977
291251.4207588 4.630347790375e6 106.8202979
291248.1350524 4.6303461462e6 106.4993014
291248.124634 4.6303461410235e6 106.4013035
291249.5331102 4.6303468466725e6 104.318303
291249.512872 4.6303468365438e6 104.3202976
291248.7328526 4.6303464461977e6 104.303305
291248.8049991 4.6303464823001e6 104.3102998
291250.3123359 4.630347236638e6 104.291305
291250.2517799 4.6303472063292e6 104.302299
291251.6929414 4.6303479274018e6 104.6743041
291251.693715 4.6303479278525e6 104.5073046
291249.7790328 4.6303469682472e6 108.249301
291249.8386107 4.6303469980563e6 108.2652962
291251.4163215 4.6303477886533e6 105.5083041
291251.4486933 4.6303478049199e6 105.3332987
291251.4263945 4.6303477935029e6 106.0113019
291251.421204 4.6303477908799e6 106.078308
291249.7928207 4.6303469766464e6 104.3063003
291249.8996044 4.6303470300769e6 104.3283014
291248.1307526 4.6303461447813e6 104.5712976
291248.1355763 4.6303461471534e6 104.6813013
291250.6394799 4.6303474003481e6 104.3063036
291250.7278519 4.630347444603e6 104.2273107
291248.1313561 4.6303461445867e6 105.8772985
291248.1377634 4.630346147767e6 105.9463033
291248.1411617 4.6303461489748e6 107.2423063
291251.4512819 4.6303478057484e6 106.561301
291251.4491404 4.6303478046285e6 106.6882994
291251.4433971 4.6303478024991e6 104.7293045
291251.4390115 4.6303478002789e6 104.7963012
291251.4253873 4.6303477935244e6 104.6293008
291248.5591756 4.6303463579533e6 107.800304
291248.4339826 4.6303462953208e6 107.7502989
291251.4414637 4.6303478013658e6 105.1653031
291249.6726342 4.6303469150176e6 108.2063001
291248.1182267 4.6303461378433e6 106.3322986
291250.8568765 4.6303475091416e6 104.3072987
291250.6972746 4.6303474277462e6 108.3162986
291250.7682899 4.630347463301e6 108.2743026
291251.1298914 4.6303476445173e6 107.5992971
291251.2108993 4.6303476850983e6 107.4902986
291251.4516414 4.630347806012e6 106.3413012
291251.4172208 4.6303477888611e6 106.145305
291249.9000492 4.6303470287968e6 108.2802929
291251.4377354 4.6303477988213e6 106.9503008
291250.5198939 4.6303473405139e6 104.2763027
291250.371127 4.630347266061e6 104.2873097
291250.637284 4.6303473977294e6 108.3033031
291248.1412885 4.6303461497265e6 105.4323059
291248.1331147 4.6303461456733e6 105.3342996
291250.3885384 4.6303472732139e6 108.3912941
291250.355179 4.6303472565169e6 108.3982987
291251.4358242 4.6303477986584e6 104.8632988
291251.43896 4.6303478003745e6 104.477301
291251.456413 4.6303478090835e6 104.5433043
291249.0669545 4.6303466133902e6 104.3172988
291248.9605723 4.6303465601599e6 104.297298
291250.3253475 4.6303472415891e6 108.3952961
291251.4355717 4.6303477981496e6 105.8692989
291251.4303866 4.6303477955262e6 105.9443049
291248.2111093 4.63034618509e6 104.3212986
291248.1687181 4.6303461638511e6 104.3863064
291249.129344 4.6303466446241e6 104.2863062
291251.3149741 4.6303477383532e6 104.4083068
291251.4465512 4.6303478042023e6 104.4013068
291249.7290281 4.6303469432328e6 108.223293
291248.1181303 4.6303461380281e6 105.7192984
291248.1101178 4.6303461340484e6 105.6403022
291251.3580346 4.6303477588211e6 107.2523003
291251.4529556 4.6303478063857e6 107.0883024
291248.8861811 4.6303465229343e6 104.2903015
291251.4414049 4.6303478011006e6 105.7853033
291251.4555352 4.6303478082325e6 105.626304
291251.6888337 4.630347924612e6 106.6053015
291249.2406799 4.6303466989369e6 107.9793019
291251.2049889 4.6303476833207e6 104.3863032
291251.1481946 4.6303476549141e6 104.3453101
291248.129791 4.6303461443111e6 104.5423069
291251.4515181 4.6303478058697e6 106.5533012
291248.6147717 4.6303463857678e6 107.8213063
291250.0140337 4.6303470858175e6 108.3372995
291249.9926004 4.6303470750933e6 108.3323033
291248.1241441 4.6303461410114e6 105.7883029
291251.4534506 4.63034780739e6 105.0983022
291251.6924018 4.6303479270919e6 104.7792937
291248.3670812 4.6303462631464e6 104.3163071
291251.4249082 4.630347792474e6 106.761301
291251.6896544 4.6303479249911e6 106.6883021
291251.6894892 4.6303479249199e6 106.658302
291251.4605464 4.6303478102129e6 107.0132982
291248.1041136 4.6303461310778e6 105.5502977
291248.4366706 4.6303462979694e6 104.3223
291250.9163849 4.6303475375288e6 107.971295
291251.4476582 4.6303478039932e6 106.4083082
291251.114989 4.630347638318e6 104.2893048
291248.1154143 4.6303461364621e6 106.2633065
291248.1049879 4.6303461313196e6 106.0652985
291248.6116758 4.6303463855534e6 104.3103029
291248.4978582 4.630346328584e6 104.3383065
291248.0926713 4.6303461249597e6 106.5812993
291250.1919524 4.6303471763961e6 104.2843035
291248.1038896 4.6303461305175e6 106.7292978
291248.1086962 4.6303461328966e6 106.7983015
291249.4064965 4.6303467833149e6 104.3053068
291251.7769422 4.6303479694258e6 104.7093079
291249.5704674 4.6303468653629e6 104.3303014
291249.1949265 4.6303466774416e6 104.2933061
291249.2857088 4.6303467228691e6 104.302305
291251.2930171 4.6303477262579e6 107.320301
291251.2642391 4.6303477118186e6 107.4192991
291248.1492084 4.6303461538888e6 104.9093017
291251.6937891 4.63034792772e6 104.9532948
291249.1634896 4.6303466603028e6 107.9923032
291248.130346 4.6303461446116e6 104.4823073
291248.1152309 4.6303461368368e6 105.036306
291250.7956384 4.6303474770036e6 108.2313033
291250.8380168 4.630347498248e6 108.1352955
291250.510512 4.6303473342577e6 108.3822968
291251.07791 4.630347618476e6 107.6722976
291249.3493053 4.6303467546996e6 104.2913033
291250.8644086 4.6303475114794e6 108.0722955
291248.3260017 4.6303462412996e6 107.7063069
291250.4819642 4.630347319969e6 108.3882951
291248.3851795 4.6303462709552e6 107.5993018
291248.3271561 4.630346241975e6 107.4492977
291251.258762 4.6303345007866e6 104.6733006
291251.2491171 4.6303345194591e6 104.7363003
291251.2130655 4.6303345784212e6 106.3133097
291251.2084686 4.6303345881285e6 106.2433178
291250.6773748 4.6303356500946e6 105.5312986
291250.6777016 4.6303356482574e6 105.6782985
291250.673465 4.6303356556331e6 105.8083068
291250.6746642 4.6303356527231e6 105.8733124
291250.7549669 4.6303354853727e6 106.8203141
291250.725903 4.6303355433435e6 106.799312
291251.2530911 4.6303345104414e6 104.8743053
291251.2531457 4.63033451047e6 104.857305
291250.6740462 4.6303356534193e6 105.9393155
291251.2608002 4.6303344978073e6 104.5403013
291251.261535 4.630334496669e6 104.5003079
291250.6768375 4.6303356533113e6 105.2653186
291250.6865843 4.6303356351954e6 105.1082977
291251.2124972 4.6303345791394e6 106.3643124
291251.0734845 4.6303348721495e6 104.3153001
291251.117856 4.6303347838327e6 104.3242999
291251.197731 4.6303346067533e6 106.5813142
291251.2023399 4.6303345970623e6 106.646316
291251.1875276 4.6303346451679e6 104.3372971
291251.2188755 4.6303345828408e6 104.3352998
291251.1531093 4.6303346934599e6 106.8333075
291251.1797673 4.6303346407748e6 106.7923089
291250.9292117 4.6303351590083e6 104.323296
291250.9700762 4.6303350779407e6 104.2982998
291250.840421 4.6303353356074e6 104.3213065
291250.7951335 4.630335425972e6 104.2843001
291251.2079988 4.6303345873912e6 106.4503114
291251.2074471 4.6303345881168e6 106.496314
291251.2008178 4.630334599298e6 106.744313
291251.2018263 4.6303345978091e6 106.6803184
291250.7835885 4.6303354281848e6 106.8533182
291250.8221152 4.6303353514761e6 106.8642718
291251.237773 4.6303345362939e6 105.4453022
291251.2370618 4.6303345374339e6 105.4792954
291251.2516616 4.630334512727e6 104.9433017
291251.2478959 4.6303345198527e6 104.9882974
291251.2469254 4.6303345213628e6 105.0403017
291251.2456936 4.6303345232553e6 105.1092973
291251.2212242 4.630334565014e6 105.9643037
291251.2199613 4.6303345668795e6 106.0443095
291250.6766907 4.630335649743e6 105.7433031
291250.8996957 4.6303352177488e6 104.3183058
291251.2441573 4.6303345254869e6 105.2112944
291250.6730352 4.6303356549049e6 106.0043201
291250.6746298 4.6303356512087e6 106.0693142
291251.0099373 4.6303349788642e6 106.7503082
291251.0397415 4.630334919268e6 106.7903075
291250.670094 4.6303356554402e6 106.6623175
291250.671314 4.6303356535469e6 106.596312
291251.21006 4.6303345889372e6 105.7512973
291251.2256654 4.6303345572395e6 105.8332946
291251.0295651 4.6303349596964e6 104.2902882
291250.7340319 4.6303355474237e6 104.2922983
291251.2327845 4.6303345452943e6 105.5592934
291251.2393094 4.6303345340623e6 105.3432952
291251.2378823 4.6303345363511e6 105.4113015
291251.2655579 4.6303344891853e6 104.4363011
291251.2246617 4.6303345587349e6 105.8952992
291251.2089085 4.6303345873424e6 106.2323159
291250.867849 4.6303352608133e6 106.8283158
291250.905137 4.6303352069759e6 104.3123037
291251.2327299 4.6303345452656e6 105.5762938
291250.6741362 4.6303356649258e6 104.4923632
291250.7026596 4.6303356072312e6 104.6122983
291251.2663854 4.6303344880969e6 104.3672972
291251.2670489 4.6303344869227e6 104.3493043
291250.6708175 4.6303356568036e6 106.3153217
291250.6701849 4.6303356574802e6 106.3873249
291251.2235418 4.6303345631749e6 105.6213015
291251.251304 4.6303345145527e6 104.805302
291250.678283 4.6303356545228e6 104.7593385
291250.7026406 4.6303356072205e6 104.6182985
291251.0951215 4.630334808961e6 106.8113128
291251.2138447 4.630334581822e6 105.7003015
291250.7021963 4.6303356105026e6 104.3212978
291250.6819525 4.6303356498743e6 104.4313009
291250.6763866 4.6303356525846e6 105.4663121
291250.6709398 4.6303356553653e6 106.4633124
291250.9240522 4.6303351489176e6 106.8433077
291250.677609 4.6303356512037e6 105.336296
291251.0639236 4.6303348708607e6 106.8293096
291251.2446917 4.6303345317491e6 104.3043047
291250.6692758 4.6303356565262e6 106.7293214
291250.6950711 4.630335604927e6 106.7663169
291250.6732445 4.6303356640102e6 104.8253196
291251.2405411 4.6303345321698e6 105.2742996
291251.2069736 4.6303345888727e6 106.5193162
291250.6728302 4.6303356642766e6 104.8943518
291251.2094282 4.6303345851056e6 106.3813151
291250.6785014 4.6303356521503e6 104.9993096
291251.2193975 4.6303345675888e6 106.0953122
291251.2096959 4.6303345862449e6 106.1743123
291251.1460465 4.6303347279221e6 104.3053053
291251.258781 4.6303345007972e6 104.6673005
291250.6725296 4.6303356516626e6 106.5303065
291250.6710304 4.6303356573897e6 106.1903398
291251.2193384 4.6303345675692e6 106.1123126
291247.7847928 4.6303464813126e6 107.8203094
291247.9280264 4.6303465532505e6 107.8742999
291249.5541263 4.6303473680074e6 108.3842563
291249.4642822 4.6303473237287e6 108.3952856
291249.2192763 4.6303472019113e6 108.3685589
291249.2318769 4.6303472082036e6 108.3713825
291249.5993758 4.6303473894126e6 108.3310999
291249.6544818 4.6303474161901e6 108.3040881
291249.512892 4.6303473445637e6 108.223386
291249.6108378 4.6303473937215e6 108.2584623
291247.6258324 4.6303464016251e6 107.7683075
291247.5227519 4.6303463499495e6 107.734537
291248.2549881 4.630346717309e6 107.9892985
291248.1485773 4.6303466641498e6 107.9643208
291247.6068795 4.6303463875371e6 107.5183068
291247.6961312 4.6303464321661e6 107.5414848
291248.6969665 4.6303469393716e6 108.1603003
291248.6410882 4.6303469111203e6 108.1292996
291247.3910563 4.6303462837961e6 107.6843411
291247.7516551 4.6303464600333e6 107.5613909
291247.8096391 4.6303464891797e6 107.584546
291248.6508191 4.6303469146594e6 108.0613111
291248.7324632 4.6303469549915e6 108.0563176
291247.8901325 4.630346529225e6 107.594597
291249.2790607 4.6303472263781e6 108.0956021
291249.1993594 4.630347187152e6 108.1082474
291247.3667108 4.6303462709138e6 107.6403538
291247.3910621 4.6303462811251e6 107.5422184
291247.5018139 4.6303463357027e6 107.5283433
291247.3908599 4.6303462811381e6 107.5482305
291248.0287054 4.630346603892e6 107.9163075
291248.5451616 4.6303468629637e6 108.0942966
291248.8513072 4.6303470136672e6 108.0472887
291248.9237148 4.6303470488032e6 108.009202
291249.4193281 4.6303473012252e6 108.3822931
291248.3531308 4.6303467670909e6 108.0523676
291249.0501057 4.6303471120256e6 108.0432176
291248.6118647 4.630346895164e6 108.0503022
291248.4950591 4.6303468340896e6 107.8781831
291249.420688 4.630347296634e6 108.1024697
291247.7698477 4.6303464735927e6 107.8033046
291248.7548983 4.6303469685082e6 108.184308
291248.8755588 4.6303470293683e6 108.2435794
291248.4553965 4.6303468175004e6 108.0402859
291248.9773502 4.6303470757234e6 108.0284794
291248.2862062 4.6303467288331e6 107.7802224
291248.3857466 4.6303467797965e6 107.8693072
291249.1187276 4.6303471508405e6 108.3003074
291249.4559108 4.630347314544e6 108.1274203
291248.9883133 4.6303470867186e6 108.3243665
291249.2860984 4.6303472350873e6 108.3732952
291248.0959331 4.6303466374243e6 107.9293043
291248.0991919 4.6303466339399e6 107.6583352
291248.2165593 4.6303466937458e6 107.7482437
291248.7543195 4.6303469656634e6 108.0483319
291248.0562575 4.6303466118162e6 107.6123723
291247.9684835 4.6303465674928e6 107.5665519
291252.2559444 4.6303488882269e6 104.1775714
291252.1090829 4.6303488530156e6 104.1762582
291251.3778871 4.630348033743e6 104.1822785
291251.4468844 4.6303481537368e6 104.180878
291251.0981698 4.6303478435506e6 104.1821786
291251.1831132 4.630347731457e6 104.1855213
291251.6138879 4.6303482401491e6 104.1814669
291251.5589772 4.6303482228732e6 104.1810561
291251.9959547 4.6303487652422e6 104.1764294
291252.4349573 4.6303486502472e6 104.18465
291252.508007 4.6303486903084e6 104.1848635
291252.9529618 4.6303489122425e6 104.1865944
291252.8879131 4.6303488771846e6 104.1863923
291251.3769105 4.6303479821822e6 104.1832707
291251.4040181 4.6303478313253e6 104.1865818
291251.2499709 4.6303477348618e6 104.1863653
291252.2558112 4.630348561039e6 104.1839502
291252.1228733 4.6303484891321e6 104.1835423
291251.4039579 4.6303484722335e6 104.1740822
291251.3609513 4.6303484142316e6 104.1746277
291251.911943 4.6303487212159e6 104.176144
291251.7879442 4.6303486622313e6 104.1756058
291251.8047546 4.6303483395415e6 104.1821277
291251.688959 4.630348276852e6 104.1817734
291251.3539659 4.6303477872471e6 104.1867598
291251.0559081 4.6303481821737e6 104.1749994
291251.0019134 4.6303481431825e6 104.1750245
291252.8200034 4.6303491813007e6 104.1795368
291252.8490003 4.6303491102996e6 104.1813163
291251.3739881 4.6303477998954e6 104.1867858
291252.9020141 4.6303489633357e6 104.1849043
291251.6689525 4.6303486192363e6 104.1748239
291251.8458932 4.6303483501514e6 104.1824809
291251.9049916 4.630348380287e6 104.182698
291252.6769623 4.6303487722425e6 104.1855663
291252.7649649 4.6303488168508e6 104.1858947
291251.9249449 4.630348388836e6 104.182803
291250.9720378 4.63034802035e6 104.1770132
291252.6420097 4.6303490843146e6 104.1790045
291252.5589743 4.6303490552661e6 104.1784402
291251.5409432 4.6303485202171e6 104.1750118
291252.4850093 4.6303490343108e6 104.1778417
291252.2991814 4.6303489445691e6 104.1770614
291251.0280137 4.6303479813271e6 104.1785364
291252.7349808 4.6303491398835e6 104.1791868
291252.644929 4.6303487508096e6 104.1855481
291252.5679765 4.6303487172751e6 104.1851542
291251.1309029 4.6303483181677e6 104.1733685
291251.4879861 4.6303481902917e6 104.1807248
291251.2399144 4.6303483511793e6 104.1742092
291247.7744272 4.6303456736682e6 107.7387293
291247.8552637 4.630345757577e6 107.7741002
291247.7621254 4.6303455318492e6 107.7146812
291247.8355843 4.63034542117e6 107.7197871
291247.9686764 4.6303464099282e6 107.9010521
291248.0463504 4.6303464931264e6 107.9354112
291248.8556223 4.6303433777412e6 107.7174197
291248.6943102 4.6303435865538e6 107.7012561
291249.066575 4.6303428607688e6 107.7032803
291249.0335813 4.6303429225839e6 107.7027377
291252.340941 4.6303422164983e6 108.551239
291252.3157868 4.6303421659885e6 108.5367034
291248.9530204 4.630346941877e6 108.2609192
291248.8582231 4.6303468487329e6 108.2201998
291252.6291282 4.6303435868217e6 108.832271
291252.5943803 4.6303436862633e6 108.8366663
291248.8853097 4.6303456178933e6 108.0499607
291248.8882936 4.6303457015077e6 108.0629121
291252.0458908 4.6303420337389e6 108.4399997
291251.9757737 4.6303419874015e6 108.413144
291252.2615044 4.630344260596e6 108.8240581
291252.2245363 4.6303443385761e6 108.8247112
291252.4060891 4.6303439324409e6 108.8181525
291252.5367817 4.6303437860257e6 108.8345402
291248.4278304 4.6303467675917e6 108.0847569
291248.4955992 4.6303468131662e6 108.1108273
291249.5801408 4.6303473712205e6 108.5032698
291249.6223317 4.6303473987308e6 108.5193756
291250.2283357 4.6303477017296e6 108.7373828
291250.2533784 4.6303477154917e6 108.7465712
291250.922444 4.6303413690077e6 108.0209454
291250.9147051 4.6303413626689e6 108.0178042
291250.3476513 4.6303411533243e6 107.8245383
291250.470098 4.6303412286515e6 107.8706279
291249.9040621 4.6303413738936e6 107.7289408
291249.9548014 4.6303412356431e6 107.7235286
291248.001324 4.6303450993241e6 107.7208746
291247.9479237 4.6303452023803e6 107.7204315
291248.4875518 4.6303453183474e6 107.8923087
291248.5123367 4.6303453296752e6 107.901071
291250.1317588 4.6303472970064e6 108.6510861
291250.1203432 4.6303473166544e6 108.6506467
291252.6686076 4.6303424525048e6 108.6795547
291252.6066878 4.6303423630557e6 108.6488196
291249.9626265 4.6303468864963e6 108.5430979
291250.0730136 4.6303466626681e6 108.5424525
291249.3225538 4.630342493188e6 107.7236901
291249.2829205 4.630342560159e6 107.7219848
291252.694593 4.6303435167295e6 108.8409494
291249.2283913 4.6303461442569e6 108.2247034
291249.1256388 4.6303460782911e6 108.1856284
291247.865531 4.6303463387957e6 107.8611168
291251.4711391 4.6303456189933e6 108.7933591
291251.569236 4.6303454643401e6 108.7991864
291251.6088363 4.6303453963912e6 108.8007407
291251.6003131 4.6303454283062e6 108.802907
291249.4184226 4.6303472982636e6 108.4462352
291249.3449684 4.6303472571263e6 108.4191725
291252.1831258 4.6303421127888e6 108.4908783
291251.2001424 4.6303415079967e6 108.1208665
291251.0811029 4.6303414638048e6 108.0802595
291248.0888096 4.6303464211889e6 107.9372104
291248.0409212 4.6303463673137e6 107.9156536
291252.8562779 4.6303432533219e6 108.8493238
291252.8929349 4.6303431517097e6 108.8451632
291247.9297976 4.6303458277969e6 107.8056797
291251.7610811 4.630341868223e6 108.3341978
291251.8495031 4.6303419445737e6 108.3706559
291247.8341409 4.6303463296285e6 107.8507685
291247.677551 4.6303462940053e6 107.8006078
291252.2576535 4.6303421330644e6 108.5152323
291249.4599767 4.6303421749312e6 107.7171576
291249.3876369 4.6303422695103e6 107.7100448
291251.8501152 4.6303449822389e6 108.8101893
291251.9174689 4.630344902022e6 108.8179464
291248.7698121 4.6303468412003e6 108.1936985
291249.1642434 4.6303426653733e6 107.7030915
291248.3403188 4.6303465736745e6 108.0315561
291248.2169714 4.6303465055013e6 107.9862423
291250.4030711 4.6303466856347e6 108.640642
291250.8918046 4.6303465131996e6 108.7561772
291250.8403631 4.630346552861e6 108.747128
291248.929726 4.6303469326563e6 108.25289
291251.5918152 4.6303417763771e6 108.2722618
291251.4837341 4.6303416884326e6 108.2284763
291249.3504082 4.6303422956862e6 107.7031302
291251.9376088 4.630344831121e6 108.8134803
291250.7557395 4.6303467788251e6 108.7554875
291250.680064 4.6303466536293e6 108.7156283
291248.7469099 4.6303454335482e6 107.9835177
291248.6476259 4.6303453823051e6 107.9475691
291248.8593201 4.6303433079207e6 107.708384
291248.075749 4.6303454942596e6 107.7993885
291248.0421131 4.6303455811983e6 107.8022951
291248.933303 4.6303458094865e6 108.0914667
291252.8813522 4.630343064052e6 108.8291555
291247.9250483 4.6303453373096e6 107.7333722
291252.7232176 4.6303428251501e6 108.7491493
291252.7266625 4.6303424974638e6 108.702744
291250.5889391 4.6303412997505e6 107.9150696
291249.7852858 4.6303474819417e6 108.5782485
291249.3331381 4.6303467497892e6 108.3423927
291249.2608308 4.6303469689749e6 108.3533118
291249.4784471 4.6303420456632e6 107.7037697
291249.5410728 4.6303419326942e6 107.7054306
291250.1518287 4.6303476658067e6 108.7101967
291250.0024573 4.6303475902498e6 108.656335
291248.665135 4.6303437824389e6 107.7212025
291247.9305179 4.6303461925851e6 107.8586485
291248.3305256 4.6303466453925e6 108.0391143
291252.9380405 4.6303428538496e6 108.8150463
291251.8003723 4.6303450876659e6 108.8111405
291250.7119169 4.6303412969478e6 107.9500115
291248.140845 4.6303464539499e6 107.9569053
291248.8028895 4.6303468395473e6 108.2029668
291251.365347 4.6303457752796e6 108.7855562
291249.5082909 4.6303470240993e6 108.4324117
291249.7119317 4.6303472643091e6 108.5256869
291250.3113555 4.6303411462762e6 107.8130864
291248.0431962 4.6303449854001e6 107.7164322
291251.3054745 4.6303459042037e6 108.7869943
291251.2424876 4.6303460021945e6 108.7830632
291248.5473385 4.6303439699084e6 107.7144595
291248.5927488 4.6303438862561e6 107.7154124
291250.0551779 4.6303473037528e6 108.6300504
291248.1962932 4.6303447079316e6 107.7203045
291248.1660541 4.6303447617053e6 107.7193905
291248.4171618 4.6303467143716e6 108.0739929
291251.1804327 4.6303461032335e6 108.7798409
291248.6297538 4.6303467624204e6 108.1420474
291252.2990615 4.6303441858531e6 108.8240425
291248.0041966 4.6303456447575e6 107.8005899
291248.4195466 4.630344138785e6 107.7021543
291248.0957983 4.6303449230462e6 107.7225329
291248.2414684 4.6303453036136e6 107.8194465
291247.9418471 4.6303457735841e6 107.8013019
291249.0282466 4.6303459201247e6 108.1347585
291249.9750327 4.6303411665076e6 107.7193441
291249.3530342 4.6303464382412e6 108.3030501
291249.2864837 4.6303462285859e6 108.2535978
291247.7736121 4.6303456381618e6 107.7333595
291249.6304102 4.6303417496786e6 107.7046379
291249.6271329 4.6303417564486e6 107.7046751
291252.3895494 4.6303440627664e6 108.8322484
291248.3158337 4.6303466230248e6 108.0316563
291251.368989 4.6303416218749e6 108.1858687
291251.7040612 4.6303418188228e6 108.3106636
291248.2648624 4.6303465661928e6 108.0087857
291247.7767912 4.6303456084541e6 107.7299764
291250.9078075 4.6303464366017e6 108.749698
291251.0723011 4.6303463014981e6 108.7774371
291252.2019245 4.6303444167504e6 108.8295188
291248.8107689 4.6303454972139e6 108.011081
291252.830525 4.6303432899639e6 108.8472215
291249.3473931 4.6303423185033e6 107.7055638
291250.2611567 4.6303475577649e6 108.7259939
291251.2610246 4.6303415432631e6 108.1434665
291247.9425669 4.6303457611852e6 107.7997155
291248.047496 4.63034649463e6 107.935958
291249.0124257 4.6303429510509e6 107.7007744
291248.9660896 4.6303430520644e6 107.7020663
291250.1293776 4.6303411651064e6 107.7635044
291248.3877614 4.6303441894757e6 107.70035
291248.3006868 4.630344361105e6 107.7001463
291251.0243475 4.6303414272513e6 108.0586594
291248.2530215 4.6303446265063e6 107.7248327
291253.0137329 4.6303429068364e6 108.8444663
291249.3776523 4.6303465284791e6 108.3231777
291249.3370065 4.6303466316733e6 108.3264206
291251.6240222 4.6303452604688e6 108.7854462
291251.1227225 4.6303462250604e6 108.780874
291248.2800848 4.6303444738674e6 107.7105342
291252.0962484 4.6303445693407e6 108.8212147
291248.1197755 4.6303465268653e6 107.9613955
291252.0485392 4.630344660578e6 108.820698
291251.9688769 4.6303447617605e6 108.8124355
291251.7625685 4.6303451499568e6 108.8092842
291251.3192962 4.6303415895008e6 108.1669031
291249.7704325 4.6303468766077e6 108.4864258
291249.8498229 4.6303414584372e6 107.725579
291252.7845134 4.6303433495839e6 108.8426197
291249.742428 4.6303416416758e6 107.7212137
291248.1556367 4.6303453922943e6 107.8076025
291248.0955015 4.630345452601e6 107.7990406
291252.1716905 4.6303363964919e6 104.9992898
291252.112815 4.6303363672562e6 105.0272947
291252.0550132 4.6303363378674e6 104.6933028
291252.0397541 4.6303363303998e6 104.7583015
291251.7135749 4.6303361726913e6 107.1582838
291251.8176491 4.6303362245392e6 107.1972869
291252.0545195 4.6303363418516e6 106.9213009
291251.9086746 4.6303362695238e6 107.0402984
291252.5572246 4.6303365874221e6 104.5452852
291252.6682397 4.6303366423851e6 104.4062905
291252.1674094 4.6303363930541e6 104.3102911
291252.2434823 4.6303364309172e6 104.3203009
291252.5889383 4.6303366080209e6 107.0853027
291252.6570019 4.6303366418882e6 107.0892929
291251.6906712 4.630336155471e6 104.0892688
291251.6290074 4.6303361248007e6 104.0922742
291251.1320871 4.6303358826698e6 106.76428
291251.2205054 4.6303359268357e6 106.8592832
291250.7376511 4.6303356845773e6 105.778298
291250.7436048 4.6303356876644e6 105.8442958
291252.4013074 4.6303365102242e6 104.7382816
291252.4542087 4.6303365364196e6 104.6742793
291251.7654037 4.6303361930754e6 104.3142953
291251.827462 4.6303362239571e6 104.3192985
291250.7474403 4.6303356910077e6 106.6002967
291250.8230504 4.6303357287905e6 106.6892988
291250.7200807 4.6303356767193e6 106.2432885
291250.7343863 4.6303356840485e6 106.3552747
291252.3511485 4.6303364896039e6 107.0202996
291252.4011668 4.6303365145645e6 107.0613091
291252.7865251 4.6303367038372e6 105.7802991
291252.7763789 4.6303366991277e6 105.9582991
291252.7886113 4.6303367066102e6 106.6942778
291252.7534144 4.6303366889963e6 106.6392817
291250.7367257 4.6303356854212e6 106.4652966
291250.7418782 4.6303356881135e6 106.5332974
291251.8830122 4.6303362568296e6 107.0782866
291252.2417679 4.6303364312717e6 104.956272
291252.3267364 4.6303364733722e6 104.8672871
291251.7197694 4.6303361703376e6 104.2952993
291250.9307035 4.6303357774183e6 104.094269
291251.0363654 4.6303358300808e6 104.1462662
291252.757815 4.6303366891883e6 105.5872773
291252.7726011 4.6303366966655e6 105.6512913
291250.6990142 4.630335665797e6 106.0102772
291250.7323479 4.6303356821878e6 105.9092992
291252.7504178 4.6303366849901e6 105.3142735
291252.774091 4.6303366966492e6 105.2522827
291251.6407204 4.6303361364179e6 107.1422917
291251.5790727 4.6303361057024e6 107.1172867
291251.1624973 4.6303358928031e6 104.1332648
291251.2734425 4.6303359479173e6 104.0922711
291251.0888483 4.630335861135e6 106.7512749
291250.7358734 4.6303356810825e6 104.4032748
291250.7591686 4.6303356925593e6 104.3443055
291252.1621932 4.6303363954977e6 106.9643003
291252.2097966 4.6303364192664e6 107.010289
291252.7637477 4.6303366903722e6 104.6562879
291252.728613 4.6303366726412e6 104.523291
291252.1151284 4.6303363676419e6 104.6243029
291252.7865564 4.6303367057835e6 106.7972964
291251.4605595 4.6303360466886e6 107.0872688
291251.5174211 4.6303360750041e6 107.1022819
291252.368829 4.6303364941962e6 104.8062861
291250.9439615 4.6303357889517e6 106.6952974
291252.7843339 4.6303367022175e6 105.5012955
291250.7066994 4.6303356684488e6 105.3932833
291250.7310533 4.6303356807863e6 105.5103013
291250.74604 4.6303356878051e6 105.2803024
291250.6992605 4.630335664321e6 105.1682801
291252.2934906 4.6303364559088e6 104.3803005
291252.3019429 4.6303364599883e6 104.3142977
291250.7013624 4.6303356661697e6 105.5912952
291250.7364964 4.6303356838776e6 105.712292
291250.7624321 4.6303356949839e6 104.7662761
291250.7328397 4.6303356801505e6 104.7072786
291250.7329825 4.6303356809373e6 105.0843008
291252.772635 4.6303366975594e6 106.1132746
291252.7851271 4.6303367036353e6 106.0402964
291251.9271789 4.6303362735293e6 104.3012978
291251.2092088 4.6303359214248e6 106.9692771
291251.2175889 4.6303359256525e6 107.0002754
291252.7306621 4.6303366775581e6 106.5762981
291252.5204514 4.6303365740076e6 107.1153042
291252.0008663 4.6303363111548e6 104.8113003
291252.7425785 4.6303366806726e6 105.0942718
291252.7899475 4.6303367039393e6 104.9372699
291252.7949744 4.6303367088948e6 106.2302802
291252.7491641 4.6303366865592e6 106.4692967
291250.7077378 4.6303356703607e6 106.1282747
291252.8109559 4.6303367169704e6 106.2962997
291251.5673476 4.630336094121e6 104.0892694
291251.5080833 4.6303360646444e6 104.0922656
291252.2814839 4.6303364549269e6 107.0093054
291251.3714967 4.6303359968047e6 104.1492673
291252.1647993 4.6303363922834e6 104.5882931
291252.7652829 4.6303366953259e6 106.8632981
291250.7053279 4.6303356661851e6 104.5602825
291250.7218652 4.6303356751581e6 104.9533023
291252.4802766 4.6303365492585e6 104.6062693
291250.7736779 4.6303356994563e6 104.1752689
291250.8946225 4.6303357595658e6 104.1452671
291250.7507467 4.6303356893986e6 104.8863016
291252.210153 4.6303364145912e6 104.454299
291252.737946 4.6303366789262e6 105.3882717
291251.2996526 4.6303359665262e6 107.0262824
291252.7932334 4.6303367053746e6 104.8322766
291252.1557853 4.630336387262e6 104.3052754
291252.0192607 4.6303363193639e6 104.3152965
291252.0845261 4.6303363518277e6 104.3132974
291251.3625234 4.6303359978102e6 107.0302825
291251.9407924 4.6303362802978e6 104.2992958
291252.7839768 4.6303367049349e6 107.0262979
291252.7110288 4.6303366688334e6 107.125297
291252.7941303 4.6303367056006e6 104.7162824
291252.7086109 4.6303366626166e6 104.484277
291250.7740133 4.6303356998776e6 104.3092986
291250.3638516 4.6303360228513e6 106.8190357
291250.4692428 4.6303360750438e6 106.8540076
291252.4593941 4.6303370673418e6 107.7124791
291252.34702 4.6303370115157e6 107.6700174
291252.4432094 4.6303370542002e6 107.5560782
291252.4492636 4.6303370595181e6 107.626427
291252.3866448 4.6303370262809e6 107.5400465
291250.4727164 4.630336084579e6 107.0853916
291250.6419706 4.630336164961e6 107.0402991
291252.0998059 4.6303368912023e6 107.6502454
291250.4174708 4.6303360570961e6 107.063413
291250.2882624 4.6303359935123e6 107.0324273
291252.0035314 4.6303368368728e6 107.4223328
291252.0308142 4.6303368502798e6 107.4283186
291250.1881651 4.6303359383726e6 106.8351472
291250.2400751 4.630335961386e6 106.773013
291251.3177477 4.6303364960761e6 107.1600414
291251.3824367 4.6303365278978e6 107.1752025
291250.9184158 4.6303362977577e6 107.0110658
291250.9768327 4.6303363265902e6 107.0275891
291251.922975 4.6303368017842e6 107.5371604
291251.8885422 4.6303367797604e6 107.3792626
291251.7685071 4.6303367169183e6 107.239338
291251.0749028 4.6303363752695e6 107.0634454
291250.3066047 4.6303359943656e6 106.7960447
291251.9449857 4.6303368079269e6 107.4043048
291251.710313 4.6303366875037e6 107.2024893
291250.8719066 4.6303362820798e6 107.212303
291250.7616831 4.6303362234729e6 107.0572549
291251.5940783 4.6303366330864e6 107.2565743
291251.4843637 4.6303365792342e6 107.234346
291251.2783398 4.6303364841743e6 107.3712762
291251.3707107 4.6303365304051e6 107.4162536
291252.0625343 4.6303368658693e6 107.4353365
291252.173462 4.6303369210139e6 107.4783407
291252.2616865 4.6303369645591e6 107.5033193
291251.6142586 4.6303366502742e6 107.4752081
291251.7135162 4.6303366997364e6 107.5171964
291250.6474037 4.6303361597049e6 106.8079897
291251.5158993 4.6303366030123e6 107.4852345
291251.8467254 4.630336764306e6 107.5201836
291251.1417292 4.6303364084553e6 107.0883209
291250.2429228 4.6303359708821e6 107.0121698
291250.2298215 4.6303359613582e6 106.9183867
291251.2038991 4.6303364480106e6 107.3672346
291252.3538256 4.6303370099218e6 107.5260283
291252.2888779 4.6303369781596e6 107.5163086
291251.0267766 4.630336360358e6 107.3103176
291250.8481483 4.6303362632397e6 106.9960052
291250.7564701 4.6303362137496e6 106.8451298
291251.2577073 4.6303364661702e6 107.1350409
291252.1426346 4.6303369056528e6 107.4653257
291250.7280603 4.630336199594e6 106.8331582
291251.1575673 4.6303364164505e6 107.0980466
