2 1
4 3
5 6
7 8
9 10
11 12
13 14
16 15
17 18
19 20
21 22
23 4
25 24
26 27
29 28
31 30
32 33
35 34
37 36
38 39
26 40
42 41
43 44
46 45
47 48
50 49
51 52
54 53
55 56
58 57
60 59
61 62
63 64
66 65
68 67
69 70
71 72
74 73
75 76
78 77
80 79
81 82
83 84
86 85
87 88
89 90
92 91
93 94
95 96
34 97
98 52
69 74
100 99
102 101
103 104
106 105
107 108
109 110
112 111
114 113
116 115
10 21
42 117
119 118
120 121
123 122
124 125
126 127
128 129
83 106
130 131
132 133
135 134
136 137
139 138
140 141
143 142
145 144
147 146
148 149
93 150
151 152
25 153
154 36
155 11
156 157
159 158
160 53
161 84
163 162
70 164
165 39
166 167
68 168
170 169
37 171
173 172
174 175
177 176
178 179
180 181
182 20
102 118
184 183
186 185
181 183
187 188
189 182
161 190
23 191
163 192
193 15
194 116
195 147
196 197
13 82
199 198
200 201
203 202
204 205
206 207
208 209
210 211
213 212
215 214
62 216
218 217
220 219
136 221
222 223
86 40
224 176
226 225
228 227
135 229
230 231
232 233
234 235
237 236
238 67
123 239
154 79
241 240
243 242
244 245
246 217
247 97
248 249
251 250
252 253
89 254
255 256
60 103
257 258
259 221
56 260
174 261
262 263
264 265
266 267
268 51
269 91
160 270
104 65
271 272
88 273
275 274
247 230
277 276
278 279
59 280
259 281
283 282
211 284
286 285
234 64
288 287
289 290
292 291
293 1
294 295
61 152
101 296
214 231
297 298
299 138
75 171
47 27
243 300
301 302
304 303
305 201
276 287
252 207
228 306
285 290
308 307
278 309
208 310
312 311
222 313
315 314
316 317
319 318
320 321
322 323
173 38
319 309
325 324
327 326
189 328
329 330
54 331
332 229
333 196
295 254
334 335
337 336
338 339
341 340
342 249
343 300
344 239
288 345
187 164
346 3
347 348
349 122
241 350
351 352
129 353
119 354
326 355
356 321
299 357
358 44
99 359
66 360
362 361
170 363
110 105
165 364
9 365
366 273
367 30
368 323
369 370
371 18
344 148
372 373
151 374
375 258
376 356
377 216
379 378
113 380
280 284
382 381
383 45
384 306
226 87
385 283
387 386
179 341
375 388
389 390
268 350
46 111
391 244
393 392
394 303
246 298
257 395
396 269
172 267
397 304
310 398
2 399
400 12
401 169
117 362
379 402
403 320
275 404
210 197
368 333
262 50
405 272
365 48
406 190
407 263
408 312
409 28
410 335
411 224
328 301
293 96
112 95
412 76
137 353
413 391
346 237
305 414
415 232
383 57
162 416
206 332
143 274
279 120
329 412
417 387
186 380
418 205
419 251
421 420
422 389
381 325
423 289
424 385
199 41
32 425
420 94
426 399
427 256
277 125
413 296
372 265
366 227
428 395
398 361
291 127
334 352
405 429
403 430
178 431
397 141
107 400
225 139
343 432
433 204
430 408
149 434
100 435
371 314
437 436
410 407
438 126
248 188
220 439
317 409
440 194
261 441
78 109
157 339
442 348
16 264
443 255
444 242
445 446
340 386
443 447
327 193
448 434
63 345
377 370
449 378
450 451
452 421
453 390
454 19
418 355
195 73
435 202
442 455
35 338
406 456
384 132
153 318
424 240
401 184
449 114
457 402
133 77
342 29
128 349
376 458
131 459
396 460
457 175
31 212
461 462
145 463
388 464
286 24
439 465
467 466
467 411
266 468
470 469
215 158
14 155
168 374
270 471
438 432
336 245
322 192
49 459
417 441
472 159
428 461
415 451
382 292
198 302
121 473
297 473
454 90
55 427
474 209
236 115
191 469
452 444
425 475
200 315
124 476
156 477
98 81
440 6
130 281
367 330
167 471
393 476
437 142
17 478
477 479
474 392
7 80
260 475
414 422
480 358
431 359
423 72
144 223
308 43
177 436
294 22
478 235
238 446
456 369
71 331
468 480
472 85
218 324
453 219
426 146
140 364
33 250
311 253
203 481
313 465
271 233
462 150
5 404
448 347
166 419
482 416
316 108
360 460
445 373
58 483
337 450
481 466
213 180
394 363
354 479
464 92
433 357
447 455
307 8
458 185
483 282
482 463
470 351
134 429
