-1.9105 3.70178
-1.64888 3.43832
-3.18849 -2.76389
-3.06417 -2.7581
-3.9519 -2.49756
-3.94498 -2.68961
2.89754 -0.82751
2.95323 -1.00465
-2.14568 4.47856
-2.0074 4.4983
-2.91837 1.54258
-2.84905 1.54446
-3.18467 1.94204
-3.17755 1.86999
-2.18479 -0.16168
-2.04879 -0.17595
1.04243 1.72275
1.04156 1.45273
-0.55002 4.4798
-0.4347 4.44461
-1.77802 4.50292
-1.61754 4.46825
-2.92993 -2.77238
4.72835 -2.7587
4.76805 -2.76977
-2.65504 4.48444
-2.46325 4.45611
-1.97025 1.54693
-1.90131 1.5718
3.98143 -0.17241
4.04851 -0.17052
2.07578 -2.7761
2.14781 -2.77223
-4.2803 4.47128
-4.49405 4.48465
3.09646 -0.19292
3.22752 -0.17411
3.75275 -2.02498
3.97877 -1.99843
-2.71813 4.46555
0.70305 4.47364
0.76428 4.45154
2.94457 -1.34462
2.91566 -1.45753
-2.91499 3.70254
-2.79066 3.70532
-2.31075 4.44985
-2.27586 4.45539
-1.5579 -2.75173
-1.62501 -2.76961
-3.14032 2.45093
-3.17371 2.32702
3.58649 -2.78873
3.69795 -2.77392
1.63303 -2.76728
1.72778 -2.75145
-3.16823 3.39299
-3.17204 3.263
5.06534 0.47468
5.19463 0.49745
-1.74894 -2.01439
-1.88312 -2.01715
1.00464 2.33378
1.00373 2.31878
5.61855 0.46071
5.69157 0.47458
-1.59956 -1.26166
-1.60102 -1.32766
-1.63664 2.53232
-1.64573 2.44934
3.85969 -2.77917
3.97112 -2.79241
-1.64776 2.81934
-1.64627 2.64834
3.37815 -0.16236
3.45641 -0.16049
-3.25134 -1.34277
-3.23318 -1.44481
2.94883 -0.67562
2.90667 -0.77753
-3.14317 2.11695
-3.17421 2.03902
-2.99935 -1.99021
-2.87595 -2.01342
-2.90462 4.46988
-2.81475 4.45932
-3.23331 -0.76782
-3.2577 -0.90278
-1.0066 4.51521
-0.8556 4.42335
6.33321 0.45547
6.46379 0.45724
6.56958 -0.9549
6.57053 -1.11385
-2.28524 3.6844
-2.15509 3.68117
-4.05926 4.52989
-3.17612 2.22802
-3.95028 -0.04858
-3.94689 -0.14658
-4.77868 3.91579
-4.77538 4.00178
5.33552 0.45121
5.45314 0.48199
-3.2322 -1.6478
-3.21504 -1.84386
-2.6357 1.55809
-2.48411 1.54782
-3.24851 -1.51178
-3.25128 -1.55877
-2.65917 3.69908
-2.45925 3.69473
-4.93025 1.17411
-4.9326 1.10712
-3.63619 -2.77411
-3.6988 -2.774
0.88857 4.44433
-4.7659 4.05176
-4.75638 4.11974
5.31322 -2.76371
5.44201 -2.78194
-0.39822 -2.74675
-0.26944 -2.78399
0.99354 3.11878
1.01218 3.03875
6.57369 -2.05585
6.56878 -2.35383
-0.58964 -2.75342
-0.65138 -2.77732
-1.26407 -2.75224
-1.41168 -2.76898
-3.25518 -1.24177
-3.24994 -1.30878
-4.84425 2.76594
-4.84902 2.59795
-0.98766 -2.74072
-0.90762 -2.74986
-3.26545 -0.48678
-3.26547 -0.50077
4.25418 -2.02585
4.34666 -2.03101
-3.9534 -1.81856
-3.95434 -1.84656
2.75678 0.4787
2.82247 0.45258
-1.64497 3.12532
-1.64393 2.95933
0.11162 -2.79468
0.22293 -2.77683
6.59002 -0.76497
-1.59662 -1.61966
-1.54055 -1.76775
4.84005 -2.77289
2.95287 -0.43965
-3.17369 1.82902
-4.75643 4.33173
-4.75454 4.38512
-3.2454 4.47047
-3.05137 4.44614
3.40357 -2.74237
-2.74538 -2.01564
3.31316 0.48972
3.34457 0.49066
-1.64953 2.32035
4.10381 -2.02959
2.81329 -2.76839
2.98407 -2.76766
-1.60013 -1.39571
4.58801 -1.09944
4.56114 -1.20246
3.27527 -0.17218
3.47188 -2.02949
3.53587 -2.0106
-4.76495 0.7788
-4.88615 0.77501
-3.94917 -1.17556
-3.90431 -1.34163
-3.88655 0.34531
-3.88686 0.4203
4.59147 -0.41847
4.56263 -0.59646
-0.25185 4.42129
4.56256 -0.67145
4.56184 -0.80847
-4.91692 1.37508
-4.92878 1.24111
-1.64546 2.2953
-1.63994 2.19334
-0.05231 4.45894
-2.6282 -2.01885
-2.81364 -2.77358
3.38471 0.4856
-2.25947 -0.15154
-3.90762 -2.80367
-1.64395 2.95133
4.35381 0.47692
4.42003 0.4878
0.57596 4.42185
0.63908 4.45174
1.04137 0.84574
1.03231 0.77976
-3.94262 -0.26459
-3.94925 -0.47958
-2.82386 -0.14656
-2.74919 -0.16369
-4.85562 2.40796
-4.86747 2.28299
1.01008 3.88174
1.04613 3.74465
4.48885 0.46168
4.69638 0.47332
4.14065 -0.16968
4.30751 -0.19602
-3.49044 4.48849
-3.30939 4.45358
-1.98462 -2.00797
5.94557 -2.77481
6.0104 -2.79493
1.86415 0.49425
1.9602 0.4541
-1.129 -2.74947
2.44948 0.45424
2.69589 0.4418
-3.94822 -1.14056
-3.26112 -0.56878
-3.26256 -0.62378
-3.25481 -1.03878
-3.25762 -1.10577
-4.85322 2.50296
-3.79552 4.44742
-3.68145 4.47423
-4.76914 3.2528
-4.82759 3.0719
0.99321 2.1888
1.00283 2.06679
-3.50964 -2.77532
-3.37543 -2.76957
-1.59676 -1.19467
-0.2014 -2.76612
-3.17052 2.84499
-3.17289 2.76699
6.5871 -1.53986
6.57704 -1.69787
-4.77247 3.63979
-4.77393 3.57179
5.82219 -2.7526
-3.92747 4.45266
-1.59723 2.07127
-1.62879 1.92433
2.33518 -2.78256
2.58922 -2.776
-4.86843 2.24399
-4.86894 2.21299
-1.088 4.50774
1.12638 -2.76942
1.34727 -2.75979
6.57127 0.09211
6.56086 0.23109
-1.19654 -2.75436
1.85075 -2.76466
-4.6366 0.77357
-1.69923 -2.76148
-1.76586 -2.77338
-1.90659 -0.17418
-1.58547 -0.37971
3.28182 -2.03016
3.37663 -2.02632
-3.17001 2.634
6.18461 0.38773
3.27789 -2.74916
-4.8281 3.0399
-4.82951 3.00691
-3.26006 -0.96977
-3.95483 -2.13356
-3.95678 -2.25058
0.98782 2.92579
0.99597 2.98278
5.12986 -2.76139
5.19873 -2.76351
4.9115 0.47995
-1.22248 -2.75331
-3.15626 3.07497
-3.17338 3.005
4.81441 0.45812
4.49078 -2.76028
4.61333 -2.7595
1.01221 2.80875
1.04193 2.6687
4.23899 -2.78886
4.42727 -2.77718
6.5551 -2.53787
6.54912 -2.65188
-2.04021 3.694
-1.40191 4.51888
-1.19391 4.52591
-4.78014 3.8468
5.63431 -2.78928
5.74166 -2.76346
-3.23438 -0.37283
6.58553 -1.80797
0.20125 4.45751
0.3314 4.46288
4.59757 -1.51846
4.56131 -1.64744
1.19341 0.48741
-3.25767 -1.13277
2.94283 -1.11763
2.93939 -1.23862
5.06051 -2.77927
1.01575 4.04373
-4.8794 2.11301
-4.88176 2.04302
2.3892 0.49433
1.00124 1.14279
1.03911 1.07473
-2.41437 1.5287
-2.22113 1.54636
4.91114 -2.77501
4.99073 -2.78315
-4.8875 1.82703
-4.89933 1.71405
3.67105 0.4951
3.85563 0.48678
6.25815 -2.78835
6.32621 -2.80752
-2.47325 -0.14917
-2.3279 -0.15542
0.07068 4.46173
3.7055 -0.16793
3.79268 -0.18108
3.79084 -2.76906
-4.85326 2.47896
4.30243 0.45901
-2.10797 -2.75277
-2.10126 -2.75279
-4.77626 3.5218
-4.77104 3.43679
-4.62243 4.47388
-4.75216 4.45511
-4.16164 0.81277
-3.99389 0.75842
-1.65084 1.82936
6.57084 -1.90685
0.03111 -2.77552
0.99412 2.4488
-3.25251 -2.78377
0.55211 -2.77041
0.61516 -2.75351
-0.45903 -2.73764
-3.16671 2.72699
-2.489 -2.77213
-2.29175 -2.78849
-0.84099 -2.75798
-4.75635 4.13774
-2.54072 -0.17509
-4.90175 1.60805
-2.99067 -0.13827
2.92034 -1.58553
-3.94838 0.02142
5.79477 0.42437
1.03009 4.30469
1.01911 4.41811
4.561 -1.26945
4.21249 -2.02678
-2.20788 4.45867
-3.2601 -0.99777
3.86113 -0.1712
3.93662 0.46064
-2.25611 -2.0205
-2.18096 -2.01563
0.99118 1.27381
-1.58401 -0.56771
-1.59592 -0.72168
-1.5986 -1.46766
6.57797 0.28209
-4.91268 1.50308
-2.0857 -2.0118
-4.93641 0.97412
-4.94636 0.90814
-4.93019 1.20411
6.45273 -2.80072
6.51581 -2.77281
-3.16631 3.46698
-3.25283 -1.17377
-3.16861 2.91699
-4.25375 0.81292
-4.34992 0.8141
6.70833 0.43588
1.40564 0.42908
1.5116 0.4099
-4.77632 3.73479
1.03928 3.4567
1.04123 3.2927
4.60101 -1.33647
6.56513 -0.11589
6.0679 0.39593
4.60322 -1.85546
1.04591 4.16968
-1.64366 3.36632
-2.75106 1.57329
4.60125 -0.95047
-4.95366 0.78112
-4.88748 1.83503
-3.93466 -2.35258
-4.83187 2.93391
-2.42649 -2.01721
-1.85217 -2.75121
-4.88366 1.97302
-2.15886 1.57623
-1.98008 -2.74899
-3.95295 -1.03755
3.60126 -0.18975
-4.7749 3.77679
1.25901 0.46234
-4.76771 3.30279
3.15266 0.461
-4.45236 0.77125
-2.62487 -0.16291
2.7462 -2.77428
6.57086 -1.12385
6.56019 -1.18391
1.34308 0.45619
4.10838 -2.76361
-3.16862 2.90899
1.99074 -2.75791
-1.64604 3.28533
1.50337 -2.76107
6.57656 -0.2579
-4.83282 2.90091
-4.88602 1.90402
-3.94533 0.19038
6.57136 -1.91685
-2.89316 -0.12943
0.28467 -2.75293
-3.94789 -0.20858
-3.9009 -1.44464
-3.94627 -1.56656
6.57294 -1.98685
2.14214 0.40878
-3.95142 -2.75257
-4.57085 0.78947
0.75074 -2.77179
1.05884 -2.75229
6.56173 -1.38792
-1.59586 -0.94869
-1.58096 -1.1087
0.96806 -2.74813
0.47834 -2.74027
-4.93495 1.04012
-4.77247 3.3868
-4.77296 3.3698
6.56038 -1.35592
1.72813 0.48451
-0.65155 4.48098
0.87057 -2.74396
-2.36385 -1.99831
-4.95367 0.77412
-4.916 1.39008
-1.49082 -2.75284
5.95257 0.42913
6.58513 -0.44593
6.57222 -0.61687
2.95442 0.40835
6.63958 0.44392
2.32263 0.49346
-3.92342 -0.77061
-3.9344 -0.90758
3.14945 -2.02593
-2.73856 -2.7817
-2.56686 -2.77198
3.15222 -2.74894
-2.97302 4.4876
5.56724 -2.77416
1.03021 3.62971
1.91695 -2.76178
1.01073 3.23275
-4.75881 4.26174
1.041 1.91474
-4.75357 4.18973
2.93741 -1.79856
-3.95407 -0.68758
3.06885 0.42015
-3.16866 3.14899
