-1.61067 0.08804
-1.60585 0.07578
-1.60362 0.07112
-1.60266 0.06406
-1.404 0.41908
-1.42555 0.40976
-1.60866 0.33878
-1.60963 0.34983
-1.12778 0.4042
-1.12497 0.41093
-1.49095 0.38922
-1.50981 0.39144
-1.31591 0.39815
-1.31399 0.39703
-1.60869 0.12098
-1.60571 0.13691
-1.61066 0.18894
-1.61077 0.19179
-1.5209 0.39132
-1.05783 0.39609
-1.08495 0.40993
-1.3889 0.39322
-1.60891 0.45032
-1.60446 0.44397
-1.15187 0.4001
-1.17174 0.39729
-1.54488 0.40036
-1.56097 0.41223
-1.21195 0.40402
-1.20496 0.403
-1.6097 0.21087
-1.6106 0.22301
-1.19362 0.3965
-1.6056 0.28494
-1.61077 0.30367
-1.60876 0.37061
-1.60942 0.37911
-1.60867 0.35975
-1.6078 0.10682
-1.61067 0.11601
-1.60954 0.25205
-1.60854 0.26803
-1.60497 0.39428
-1.60894 0.40632
-1.27292 0.39811
-1.27698 0.39902
-1.60853 0.316
-1.6105 0.32604
-1.60834 0.42317
-1.6086 0.43179
-1.24981 0.38527
-1.23197 0.405
-1.53691 0.40231
-1.60859 0.09815
-1.61091 0.08968
-1.60966 0.05108
-1.58991 0.40835
-1.60956 0.35192
-1.61059 0.18306
-1.60691 0.03174
-1.60965 0.04411
-1.58434 0.43215
-1.28286 0.3982
-1.03944 0.39865
-1.17787 0.40311
-1.3569 0.40719
-1.33799 0.39706
-1.53191 0.3973
-1.60855 0.17013
-1.36378 0.40137
-1.61076 0.14885
-1.60962 0.16503
-1.47302 0.3951
-1.45369 0.39757
-1.60581 0.01291
-1.60583 0.00089
-1.00887 0.4
-1.02375 0.38919
-1.60748 0.28111
-1.60763 0.14204
-1.60846 0.41402
-1.61055 0.23906
-1.11396 0.40492
-1.22787 0.42513
-1.03483 0.39307
-1.28996 0.39307
-1.32601 0.40702
-1.00561 0.40437
-1.60592 0.02873
