97 8242 6615 8309
99 100 8845
135 3088 5529 8864 9043 3845 517 2549 1966 2570 1884 7719 3266 1510 5679 6451 1461 9113 3558 5969 2820 7316 1421 3069 1690 4589 9356 4786 1889 8805 2832 2833 8815 5449 8983 6440 3453 6373 2945 2721 377 3387 6816 3036 2676 5211 4613 4612 8900 9505 3344 5354 9244 3767 9668 8564 6666 9545 5921 7624 4136 3773 1543 1544 5973 9834 8979 549 550 5606 6640 1335 844 843 9200 8426 3137 2878 5369 8443 4888 6211 5444 7770 8750 3662 6630 1910 6956 9548 4698 2400 6545 8141 8334 5524 9912 4781 9240 5214 5074 1162 5267 1388 7106 4017 353 9897 9209 4345 2526 6060 8541 6792 5392 5393 4049 1563 8876 5899 2924 9400 3044 511 6103 5711 5710 1539 6123 2853 2852 578 3800 7295 6399 6717 3704 153 1437 5867 1553 5702 5286 5847 8302 8306 9339 9350 934 9909 9948 1857 1858 6905 173 636 6381
527 4539 3706 8349 3758 3759 4603 4063 9384 2916 2915 7332
6732
632 633 6664 2457 4102 4103
763 764 4953 2316
791 847 2980 10030 6729 4621 4622 1251 9115
850 3214 3360 9945 3182 3183 6181 6462 9448 2237 5017 3094 1011 1010 6170
853 2114 5961 8116 8115 3133 6534
921 922 9963 7441 4286 4285 9708 5395 9034 6149 6815 6814 9445 1442 4298
1004 1005 1379 8584 8695
1016 1017 1606 1607 1731
1049 2345 2344 4121 8251 8507
1069 6400 4179 4779 8677
1425 1426 3541
1711 1712 3367 3828 6067
6536
1933 3946 5216 9265
2416 2417 8273 8274 5295
2444 2542 2543 3752
2478
2581 4295 6450 7468
2786 5373 8604
3132 3920 7041
3288 4996 5924 8926
3303 3304 6242 3621 9832
3525 3526 8981 5243 4879
3559 5985 5986
7576
5123 8373 8946 8991
6243 6244 7523 7524
8915
