29.712500000000002 56.5275
29.7115 56.5325
29.7135 56.5225
29.7205 56.533500000000004
29.7165 56.5375
29.7135 56.5145
29.7105 56.5115
29.715500000000002 56.5465
29.7205 56.5465
29.7105 56.5055
29.7075 56.5055
29.7165 56.5515
29.7165 56.5005
29.7105 56.4985
29.7145 56.5575
29.7145 56.4945
29.7165 56.4935
29.7135 56.4845
29.709500000000002 56.4845
29.7225 56.5705
29.7165 56.5735
29.7205 56.5825
29.7145 56.4745
29.7075 56.472500000000004
29.7195 56.5935
29.7175 56.5965
29.7115 56.4585
29.7075 56.4555
29.7055 56.4525
29.709500000000002 56.4495
29.7175 56.6065
29.715500000000002 56.6105
29.7115 56.4425
29.7145 56.4365
29.7105 56.4275
29.7115 56.4265
29.7015 56.6175
29.7195 56.6225
29.7115 56.6215
29.7145 56.6315
29.7135 56.6315
29.6995 56.4185
29.703500000000002 56.4165
29.7225 56.6455
29.7165 56.6485
29.7175 56.6545
29.7115 56.4125
29.692500000000003 56.4125
29.7055 56.4055
29.709500000000002 56.4045
29.7085 56.3985
29.7045 56.3945
29.7075 56.3945
29.7205 56.3945
29.715500000000002 56.6605
29.718500000000002 56.6615
29.7255 56.6615
29.7365 56.6645
29.7325 56.6665
29.7485 56.6605
29.7075 56.3885
29.706500000000002 56.3845
29.7085 56.3815
29.6945 56.3805
29.7045 56.3765
29.706500000000002 56.3725
29.703500000000002 56.3705
29.7255 56.6725
29.7465 56.6675
29.7255 56.6785
29.7115 56.6795
29.741500000000002 56.6815
29.703500000000002 56.3635
29.712500000000002 56.3595
29.709500000000002 56.3545
29.7075 56.3535
29.7195 56.3535
29.7085 56.3505
29.7015 56.3485
29.7055 56.3475
29.6905 56.3475
29.7345 56.3455
29.7195 56.3405
29.718500000000002 56.3395
29.698500000000003 56.3385
29.727500000000003 56.3415
29.6885 56.3385
29.706500000000002 56.3355
29.7365 56.3435
29.7335 56.3415
29.7335 56.3405
29.7325 56.3395
29.7145 56.3325
29.7195 56.3345
29.7195 56.3325
29.7265 56.3365
29.7265 56.3365
29.712500000000002 56.3275
29.735500000000002 56.3395
29.7315 56.3345
29.724500000000003 56.3285
29.7405 56.3415
29.741500000000002 56.3405
29.7425 56.3365
29.7325 56.3235
29.7495 56.3345
29.7435 56.3255
29.7485 56.3315
29.750500000000002 56.3335
29.6935 56.3045
